pure_target_joint_0,pure_target_joint_1,pure_target_joint_2,pure_target_joint_3,pure_target_joint_4,pure_target_joint_5,pure_target_joint_6,target_joint_0,target_joint_1,target_joint_2,target_joint_3,target_joint_4,target_joint_5,target_joint_6,pos_joint_0,pos_joint_1,pos_joint_2,pos_joint_3,pos_joint_4,pos_joint_5,pos_joint_6,vel_joint_0,vel_joint_1,vel_joint_2,vel_joint_3,vel_joint_4,vel_joint_5,vel_joint_6,vel_smooth_joint_0,vel_smooth_joint_1,vel_smooth_joint_2,vel_smooth_joint_3,vel_smooth_joint_4,vel_smooth_joint_5,vel_smooth_joint_6,ee_pos_x,ee_pos_y,ee_pos_z,ee_or_w,ee_or_x,ee_or_y,ee_or_z,ee_vel_x,ee_vel_y,ee_vel_z,ball_pos_x,ball_pos_y,ball_pos_z,ball_raw_vx,ball_raw_vy,ball_raw_vz,ball_ema_vx,ball_ema_vy,ball_ema_vz,action_0,action_1,action_2,action_3,action_4,action_5,action_6,command_published
1.81211,-1.0558,-1.83139,-1.06511,1.95429,1.18503,-0.854863,1.78074,-1.06449,-1.81544,-1.11614,1.93751,1.1179,-0.915398,1.78024,-1.06462,-1.81519,-1.11695,1.93724,1.11684,-0.916359,0,0,0,0,0,0,0,0,0,0,0,0,0,0,0.531047,-0.454461,0.6943,0.574603,0.175181,0.152628,0.78476,0,0,0,2.98829,-0.451341,0.168186,-2.91099,-0.131097,5.62876,-3.05563,-0.255666,5.20895,0.318625,0.0882084,-0.161995,0.518418,0.17047,0.681888,0.614959,1
1.80497,-1.05442,-1.82329,-1.06288,1.96224,1.1825,-0.853077,1.78362,-1.06364,-1.81683,-1.11124,1.93923,1.12426,-0.909605,1.78024,-1.06462,-1.81519,-1.11695,1.93724,1.11684,-0.916359,-1.081e-06,9.63608e-08,1.70917e-06,-8.65657e-07,-1.15519e-06,-1.51231e-06,3.07637e-07,-1.081e-06,9.63608e-08,1.70917e-06,-8.65657e-07,-1.15519e-06,-1.51231e-06,3.07637e-07,0.531047,-0.454461,0.6943,0.574603,0.175181,0.152628,0.78476,0,0,0,2.96065,-0.452387,0.224707,-2.67,-0.101005,5.45874,-2.93322,-0.207041,5.39545,0.247282,0.102072,-0.0810102,0.540696,0.249949,0.656614,0.63282,1
1.78548,-1.04963,-1.83124,-1.05821,1.94748,1.18392,-0.852246,1.79011,-1.06137,-1.81999,-1.09881,1.94374,1.14002,-0.895012,1.78039,-1.06459,-1.81526,-1.11672,1.93732,1.11714,-0.916087,0.0129373,0.00358157,-0.00657623,0.0210516,0.00692053,0.0276905,0.0249732,0.0129373,0.00358157,-0.00657623,0.0210516,0.00692053,0.0276905,0.0249732,0.531036,-0.454462,0.694341,0.574571,0.1751,0.152578,0.784811,-0.000620991,-0.000625395,0.00741172,2.93231,-0.453821,0.281218,-2.91859,-0.14779,5.82111,-2.87228,-0.176557,5.52827,0.0509227,0.149507,-0.159767,0.58507,0.101658,0.667811,0.638414,1
1.77395,-1.0336,-1.8111,-1.05554,1.95674,1.18298,-0.851664,1.79639,-1.05759,-1.82359,-1.08161,1.94969,1.16086,-0.875289,1.7813,-1.06432,-1.81571,-1.11517,1.93786,1.11916,-0.91425,0.0840076,0.0246223,-0.0408958,0.142302,0.0497214,0.184956,0.168455,0.0840076,0.0246223,-0.0408958,0.142302,0.0497214,0.184956,0.168455,0.530943,-0.454481,0.694661,0.574336,0.174481,0.152182,0.785198,-0.00618256,-0.00578009,0.0517829,2.90359,-0.45494,0.336503,-2.7975,-0.108984,5.38471,-2.82426,-0.152539,5.58731,-0.0734794,0.307122,0.0460874,0.596292,0.188848,0.638263,0.625861,1
1.76056,-1.0061,-1.78241,-1.05345,1.97125,1.18314,-0.847449,1.79577,-1.05203,-1.82438,-1.06739,1.95381,1.1763,-0.860002,1.78296,-1.06378,-1.81651,-1.11215,1.93894,1.12302,-0.910693,0.259588,0.0874037,-0.126376,0.48367,0.174099,0.61662,0.568768,0.259588,0.0874037,-0.126376,0.48367,0.174099,0.61662,0.568768,0.530812,-0.454509,0.695106,0.574008,0.173621,0.151631,0.785735,-0.00448503,-0.00408106,0.0370886,2.87451,-0.456329,0.390307,-3.10169,-0.148112,5.73858,-2.81788,-0.135796,5.57997,-0.224002,0.576736,0.341038,0.586937,0.323107,0.601151,0.632432,1
1.77763,-0.995574,-1.77346,-1.04761,1.98013,1.1977,-0.836988,1.7873,-1.04289,-1.81894,-1.05963,1.95633,1.18257,-0.852863,1.78676,-1.06202,-1.81852,-1.10349,1.94199,1.13375,-0.900657,0.349144,0.160874,-0.183975,0.793636,0.279424,0.983325,0.920134,0.349144,0.160874,-0.183975,0.793636,0.279424,0.983325,0.920134,0.529038,-0.45531,0.699163,0.57179,0.166407,0.146943,0.789793,-0.0860057,-0.0711105,0.269651,2.84555,-0.458839,0.442092,-2.86147,-0.248005,5.11656,-2.85154,-0.138853,5.51157,-0.0913822,0.664467,0.450541,0.558758,0.381435,0.639485,0.636685,1
1.79387,-0.991526,-1.77086,-1.04181,1.98401,1.21097,-0.825369,1.77767,-1.02899,-1.8064,-1.05556,1.96107,1.18504,-0.849208,1.78932,-1.05919,-1.82018,-1.09326,1.94534,1.14581,-0.889132,0.234047,0.259619,-0.152414,0.938332,0.307194,1.10585,1.0566,0.234047,0.259619,-0.152414,0.938332,0.307194,1.10585,1.0566,0.526347,-0.456712,0.703569,0.57065,0.159517,0.142828,0.792789,-0.188891,-0.136696,0.375853,2.8175,-0.46066,0.493841,-2.82853,-0.183633,5.21875,-2.85846,-0.154893,5.43151,0.0455353,0.676631,0.493219,0.514418,0.386684,0.651626,0.637635,1
1.77999,-0.986555,-1.77267,-1.03153,1.98367,1.22049,-0.815214,1.77415,-1.01324,-1.79102,-1.05173,1.96895,1.18977,-0.843949,1.78875,-1.05457,-1.81983,-1.08372,1.94845,1.15623,-0.878851,-0.0523626,0.423734,0.0323125,0.873875,0.285603,0.955254,0.942616,-0.0523626,0.423734,0.0323125,0.873875,0.285603,0.955254,0.942616,0.522236,-0.458486,0.709395,0.570762,0.152242,0.139118,0.794795,-0.318915,-0.171014,0.506811,2.78945,-0.461239,0.544932,-2.86974,-0.0592345,5.22573,-2.86168,-0.157619,5.32682,-0.0875663,0.680128,0.471542,0.521949,0.352122,0.642627,0.636375,1
1.76231,-0.979134,-1.76953,-1.01828,1.99327,1.22537,-0.811453,1.77719,-1.0004,-1.77924,-1.04657,1.97679,1.19837,-0.835891,1.78561,-1.04732,-1.81602,-1.07574,1.95203,1.1644,-0.870448,-0.287732,0.664725,0.34907,0.732067,0.327859,0.748853,0.770408,-0.287732,0.664725,0.34907,0.732067,0.327859,0.748853,0.770408,0.516968,-0.459558,0.717381,0.571623,0.144299,0.135652,0.796256,-0.422068,-0.107938,0.704025,2.76054,-0.463035,0.594722,-2.78894,-0.173302,4.8033,-2.85942,-0.159182,5.21751,-0.232953,0.681837,0.464945,0.574556,0.412399,0.609687,0.589958,1
1.7477,-0.96923,-1.76669,-1.01228,2.00428,1.23368,-0.809779,1.77969,-0.991824,-1.77342,-1.0394,1.98258,1.20875,-0.826645,1.78236,-1.03766,-1.80893,-1.06893,1.95683,1.17159,-0.862937,-0.297662,0.885533,0.649823,0.623923,0.439832,0.659454,0.688701,-0.297662,0.885533,0.649823,0.623923,0.439832,0.659454,0.688701,0.511399,-0.458863,0.727488,0.571928,0.135172,0.131942,0.798259,-0.441195,0.0506741,0.894914,2.73176,-0.464139,0.642904,-3.01119,-0.115495,5.04155,-2.85556,-0.155037,5.11026,-0.346632,0.684289,0.42243,0.566563,0.474491,0.620905,0.531579,1
1.74652,-0.959227,-1.75845,-1.00808,2.01111,1.24198,-0.805523,1.77502,-0.985081,-1.77095,-1.03051,1.98783,1.21826,-0.818596,1.7809,-1.0271,-1.80052,-1.06259,1.96249,1.17918,-0.85527,-0.134305,0.968326,0.771583,0.581361,0.518893,0.696035,0.702912,-0.134305,0.968326,0.771583,0.581361,0.518893,0.696035,0.702912,0.506353,-0.456442,0.738387,0.570947,0.125143,0.127979,0.801236,-0.38616,0.204218,0.965837,2.70329,-0.465348,0.689818,-2.81765,-0.119703,4.64402,-2.85072,-0.14298,5.00371,-0.343797,0.678702,0.420685,0.545137,0.486246,0.627982,0.497466,1
1.74666,-0.949579,-1.75105,-1.00075,2.01624,1.2503,-0.798138,1.7645,-0.977643,-1.76846,-1.02141,1.99456,1.22634,-0.812882,1.78056,-1.0171,-1.79283,-1.05602,1.96818,1.18756,-0.847156,-0.0312058,0.916746,0.704349,0.602758,0.52227,0.768465,0.743955,-0.0312058,0.916746,0.704349,0.602758,0.52227,0.768465,0.743955,0.501679,-0.453698,0.748712,0.569348,0.115034,0.124008,0.804507,-0.350661,0.232022,0.914929,2.67563,-0.466965,0.735684,-2.7235,-0.159158,4.51573,-2.84235,-0.130912,4.89536,-0.338973,0.675195,0.417873,0.552655,0.480615,0.627369,0.490171,1
1.74921,-0.939648,-1.7432,-0.99447,2.01963,1.25885,-0.785788,1.75452,-0.968875,-1.76422,-1.01361,2.00241,1.23404,-0.808461,1.77899,-1.00802,-1.78663,-1.04879,1.97375,1.19626,-0.83906,-0.143772,0.832168,0.568715,0.662878,0.510704,0.797695,0.742274,-0.143772,0.832168,0.568715,0.662878,0.510704,0.797695,0.742274,0.498837,-0.452942,0.75381,0.568932,0.109848,0.121863,0.805853,-0.477689,0.129846,0.98769,2.64713,-0.468248,0.781063,-2.71725,-0.122313,4.32585,-2.84283,-0.130463,4.77952,-0.297793,0.683741,0.434291,0.5432,0.458789,0.625858,0.532716,1
1.74788,-0.929201,-1.73507,-0.990883,2.02388,1.26635,-0.773151,1.7491,-0.959299,-1.75811,-1.00713,2.00961,1.24205,-0.803141,1.77488,-0.999411,-1.78148,-1.04103,1.97965,1.20479,-0.831639,-0.37648,0.789592,0.472353,0.711497,0.540694,0.781656,0.680397,-0.37648,0.789592,0.472353,0.711497,0.540694,0.781656,0.680397,0.492935,-0.452462,0.762897,0.568945,0.100563,0.117871,0.807648,-0.609037,-0.0521052,0.930278,2.61828,-0.468779,0.825006,-2.93427,-0.0539856,4.47051,-2.84438,-0.128108,4.66316,-0.270059,0.702096,0.464106,0.501468,0.442294,0.615591,0.584883,1
1.74332,-0.919332,-1.72928,-0.986038,2.02919,1.27396,-0.764482,1.74763,-0.949434,-1.75086,-1.0012,2.01527,1.25028,-0.795406,1.76911,-0.990755,-1.77659,-1.03326,1.9861,1.21308,-0.825069,-0.529183,0.793645,0.44872,0.71267,0.591586,0.76019,0.602426,-0.529183,0.793645,0.44872,0.71267,0.591586,0.76019,0.602426,0.486061,-0.453204,0.77166,0.570145,0.0916473,0.113791,0.808447,-0.696873,-0.133247,0.917946,2.59088,-0.469948,0.868416,-2.62673,-0.112032,4.16037,-2.82889,-0.117555,4.55903,-0.257861,0.71423,0.473028,0.472191,0.430875,0.60876,0.60587,1
1.7369,-0.910562,-1.7253,-0.977973,2.03681,1.28232,-0.758915,1.74728,-0.939466,-1.74335,-0.995608,2.01996,1.25841,-0.785529,1.76344,-0.981838,-1.77135,-1.02585,1.99277,1.22129,-0.818853,-0.519971,0.817561,0.480169,0.679181,0.610961,0.753057,0.569915,-0.519971,0.817561,0.480169,0.679181,0.610961,0.753057,0.569915,0.475493,-0.454297,0.784419,0.57229,0.0786097,0.107877,0.809115,-0.591252,-0.0631786,0.782684,2.56184,-0.472636,0.91005,-2.90137,-0.268569,4.15957,-2.82837,-0.130366,4.45698,-0.265377,0.712766,0.460482,0.478767,0.440444,0.610226,0.599375,1
1.73735,-0.901511,-1.71898,-0.9719,2.04374,1.29144,-0.752323,1.74579,-0.929536,-1.73632,-0.990275,2.02474,1.26638,-0.775269,1.75896,-0.972652,-1.76554,-1.01886,1.99915,1.22951,-0.812206,-0.41097,0.842209,0.532512,0.640732,0.584962,0.753402,0.609416,-0.41097,0.842209,0.532512,0.640732,0.584962,0.753402,0.609416,0.471855,-0.454035,0.789251,0.572532,0.0735734,0.10582,0.809689,-0.638585,0.0348852,0.943022,2.53275,-0.474253,0.950726,-3.00176,-0.166851,4.19805,-2.84096,-0.141977,4.35289,-0.216052,0.711417,0.465595,0.469612,0.445982,0.619252,0.598832,1
1.73271,-0.892722,-1.71455,-0.962022,2.0506,1.30039,-0.746253,1.74276,-0.91988,-1.73015,-0.984603,2.03033,1.2744,-0.766308,1.75565,-0.963245,-1.75925,-1.01227,2.00505,1.2377,-0.804644,-0.303526,0.862544,0.576853,0.604373,0.540958,0.751164,0.693375,-0.303526,0.862544,0.576853,0.604373,0.540958,0.751164,0.693375,0.465411,-0.452923,0.798182,0.572326,0.0641205,0.102227,0.811099,-0.579922,0.147043,0.951154,2.50486,-0.475401,0.991123,-2.86042,-0.117793,4.1435,-2.84822,-0.14705,4.25245,-0.22933,0.705235,0.446955,0.502474,0.455512,0.626845,0.583915,1
1.72603,-0.882798,-1.70878,-0.953815,2.05788,1.30873,-0.739974,1.73917,-0.910591,-1.72468,-0.978035,2.03679,1.28274,-0.758946,1.75285,-0.95369,-1.75275,-1.00603,2.01063,1.24583,-0.796317,-0.256104,0.876124,0.596076,0.571653,0.511764,0.745276,0.763471,-0.256104,0.876124,0.596076,0.571653,0.511764,0.745276,0.763471,0.459352,-0.45097,0.807102,0.571163,0.0545094,0.0989498,0.813025,-0.551672,0.212904,0.946619,2.47785,-0.476321,1.02999,-2.63279,-0.0896581,3.78776,-2.83148,-0.149172,4.14764,-0.268253,0.708916,0.439714,0.522197,0.472481,0.628969,0.563434,1
1.72087,-0.872625,-1.70244,-0.948196,2.06403,1.31676,-0.731861,1.73556,-0.90147,-1.71943,-0.970564,2.04369,1.29138,-0.752433,1.74999,-0.944106,-1.74634,-0.999959,2.01621,1.25393,-0.787811,-0.262235,0.878732,0.587223,0.557032,0.512137,0.742476,0.779971,-0.262235,0.878732,0.587223,0.557032,0.512137,0.742476,0.779971,0.453401,-0.448648,0.815903,0.569527,0.0448857,0.0958933,0.815125,-0.554922,0.2278,0.931065,2.45096,-0.47764,1.06864,-2.68504,-0.131699,3.85971,-2.8036,-0.150338,4.05406,-0.29118,0.714811,0.439052,0.517638,0.478149,0.628278,0.55949,1
1.72104,-0.862902,-1.69621,-0.942811,2.06856,1.32518,-0.723179,1.7315,-0.892194,-1.71405,-0.962688,2.05061,1.30006,-0.745966,1.74692,-0.934605,-1.7402,-0.993745,2.02205,1.2621,-0.779628,-0.281277,0.87106,0.562987,0.569837,0.534818,0.748745,0.750199,-0.281277,0.87106,0.562987,0.569837,0.534818,0.748745,0.750199,0.447354,-0.446327,0.824527,0.567888,0.0352945,0.0929099,0.817083,-0.571985,0.215277,0.912433,2.42091,-0.481086,1.10443,-3.03175,-0.347643,3.61075,-2.80916,-0.162465,3.94465,-0.258819,0.717031,0.439951,0.509331,0.465093,0.630821,0.564497,1
1.72067,-0.85332,-1.69029,-0.937095,2.0732,1.33318,-0.714023,1.72707,-0.882602,-1.70839,-0.955202,2.0572,1.30855,-0.739018,1.7437,-0.925213,-1.73431,-0.987174,2.02818,1.2704,-0.771919,-0.295281,0.86122,0.540003,0.602471,0.562595,0.761191,0.70682,-0.295281,0.86122,0.540003,0.602471,0.562595,0.761191,0.70682,0.441127,-0.444155,0.832986,0.56648,0.0256825,0.0898856,0.818756,-0.592642,0.19766,0.898889,2.39363,-0.481831,1.14054,-2.68749,-0.0734188,3.55725,-2.79357,-0.155321,3.84424,-0.230338,0.718924,0.440258,0.500782,0.450204,0.627818,0.578964,1
1.71922,-0.843607,-1.6843,-0.930813,2.07791,1.34117,-0.705412,1.72344,-0.872803,-1.70244,-0.948605,2.06315,1.31684,-0.731311,1.74024,-0.915853,-1.72857,-0.980233,2.03454,1.27881,-0.764562,-0.317219,0.858176,0.526602,0.636403,0.582907,0.770929,0.674545,-0.317219,0.858176,0.526602,0.636403,0.582907,0.770929,0.674545,0.434672,-0.44214,0.841342,0.56534,0.0159839,0.0868011,0.820122,-0.618731,0.182597,0.892834,2.36606,-0.483033,1.17572,-2.8291,-0.123308,3.6093,-2.78389,-0.157019,3.74372,-0.210222,0.722455,0.442753,0.494198,0.43375,0.623626,0.591503,1
1.7145,-0.833777,-1.67865,-0.924455,2.08289,1.34897,-0.697041,1.72129,-0.863002,-1.69635,-0.942654,2.0684,1.32502,-0.722929,1.73651,-0.906427,-1.72285,-0.973137,2.04096,1.28724,-0.757321,-0.342493,0.864219,0.52443,0.650576,0.588916,0.772959,0.663926,-0.342493,0.864219,0.52443,0.650576,0.588916,0.772959,0.663926,0.427988,-0.44019,0.849638,0.564369,0.0061845,0.083733,0.821242,-0.641075,0.181986,0.889765,2.33846,-0.483844,1.21031,-2.6836,-0.07885,3.36359,-2.78615,-0.153367,3.64605,-0.220081,0.7265,0.441963,0.486821,0.419283,0.617295,0.602802,1
1.70844,-0.823929,-1.67281,-0.918218,2.08921,1.35686,-0.689197,1.71975,-0.853269,-1.69034,-0.936785,2.07328,1.33311,-0.714249,1.73281,-0.896896,-1.71706,-0.966183,2.04725,1.29563,-0.749948,-0.339556,0.873886,0.530581,0.637574,0.576587,0.769386,0.675994,-0.339556,0.873886,0.530581,0.637574,0.576587,0.769386,0.675994,0.421215,-0.438088,0.857869,0.56331,-0.00368642,0.0808094,0.822276,-0.639803,0.210625,0.883159,2.31098,-0.484283,1.24392,-2.70113,-0.0431617,3.3038,-2.78732,-0.136572,3.55851,-0.243701,0.729665,0.442536,0.479651,0.419578,0.61231,0.60751,1
1.70437,-0.814161,-1.66708,-0.912286,2.09547,1.36488,-0.681618,1.71741,-0.843537,-1.68443,-0.930721,2.07822,1.34108,-0.705655,1.72954,-0.887288,-1.71119,-0.959513,2.05325,1.30396,-0.742289,-0.299209,0.88087,0.538214,0.611516,0.549717,0.763911,0.702218,-0.299209,0.88087,0.538214,0.611516,0.549717,0.763911,0.702218,0.414586,-0.43559,0.865988,0.561863,-0.0135912,0.078139,0.823419,-0.613399,0.261831,0.871069,2.2832,-0.485376,1.27645,-2.88394,-0.113491,3.37801,-2.77966,-0.112912,3.47206,-0.251707,0.731273,0.441181,0.472271,0.422233,0.60921,0.606708,1
1.7022,-0.804527,-1.66137,-0.906909,2.10081,1.37312,-0.67374,1.71372,-0.833764,-1.67862,-0.92454,2.08353,1.34901,-0.697355,1.72677,-0.877644,-1.70528,-0.95307,2.05893,1.31222,-0.734341,-0.254449,0.884148,0.54209,0.590708,0.52055,0.757464,0.728759,-0.254449,0.884148,0.54209,0.590708,0.52055,0.757464,0.728759,0.408219,-0.432617,0.873963,0.559912,-0.0235011,0.0757582,0.824746,-0.584965,0.309538,0.856834,2.25528,-0.486761,1.30736,-2.92394,-0.145052,3.23626,-2.76011,-0.0905952,3.38866,-0.245701,0.731179,0.439065,0.461611,0.41889,0.608951,0.606004,1
1.69855,-0.794976,-1.65681,-0.90063,2.10424,1.38179,-0.665558,1.70937,-0.82398,-1.67286,-0.91843,2.08921,1.35696,-0.689349,1.72411,-0.867976,-1.69937,-0.946735,2.06439,1.3204,-0.726209,-0.243222,0.886432,0.54184,0.580838,0.501348,0.75013,0.745513,-0.243222,0.886432,0.54184,0.580838,0.501348,0.75013,0.745513,0.402022,-0.429308,0.881792,0.557592,-0.0333957,0.0736328,0.826169,-0.576969,0.334002,0.843919,2.22702,-0.488511,1.33726,-2.76188,-0.171045,2.9229,-2.77374,-0.103678,3.28436,-0.255641,0.729997,0.425603,0.461048,0.398481,0.613824,0.606514,1
1.6939,-0.785092,-1.65127,-0.894109,2.10871,1.38964,-0.657162,1.70529,-0.814239,-1.66723,-0.91247,2.09483,1.36504,-0.681478,1.72117,-0.858278,-1.69349,-0.940444,2.06982,1.32851,-0.71803,-0.270013,0.889152,0.539406,0.576834,0.497423,0.743369,0.749901,-0.270013,0.889152,0.539406,0.576834,0.497423,0.743369,0.749901,0.395799,-0.425877,0.889489,0.55514,-0.0432592,0.0716952,0.827531,-0.590754,0.336424,0.832484,2.19951,-0.489839,1.36694,-2.6418,-0.127458,2.8497,-2.77936,-0.115109,3.18228,-0.272653,0.731859,0.422187,0.463346,0.388921,0.611316,0.608677,1
1.68815,-0.775186,-1.64655,-0.887781,2.11087,1.39747,-0.648577,1.70163,-0.804542,-1.6618,-0.906533,2.09989,1.37325,-0.673535,1.71782,-0.848556,-1.68764,-0.934204,2.07532,1.33658,-0.7099,-0.306709,0.891378,0.536008,0.572116,0.503967,0.739414,0.745405,-0.306709,0.891378,0.536008,0.572116,0.503967,0.739414,0.745405,0.389431,-0.42245,0.897059,0.552708,-0.0530845,0.0698847,0.828741,-0.609621,0.333196,0.820408,2.17108,-0.491057,1.39537,-2.76529,-0.1185,2.7649,-2.79022,-0.128164,3.07874,-0.296759,0.733703,0.410929,0.464223,0.355586,0.608967,0.613229,1
1.68351,-0.765325,-1.64135,-0.882158,2.11412,1.40513,-0.640057,1.69781,-0.79483,-1.65659,-0.900448,2.1042,1.38146,-0.665392,1.71427,-0.838828,-1.68186,-0.928043,2.08085,1.34465,-0.701843,-0.32583,0.891886,0.530518,0.564848,0.507194,0.739768,0.738667,-0.32583,0.891886,0.530518,0.564848,0.507194,0.739768,0.738667,0.382948,-0.41901,0.904486,0.550294,-0.0628766,0.0681874,0.829804,-0.61808,0.338308,0.805868,2.14294,-0.492104,1.42241,-2.96469,-0.110288,2.84877,-2.80046,-0.135362,2.97456,-0.30764,0.735033,0.405052,0.458851,0.33272,0.604875,0.617861,1
1.67827,-0.755677,-1.63682,-0.876865,2.11695,1.41269,-0.631335,1.69337,-0.78505,-1.6515,-0.894249,2.10786,1.38951,-0.657047,1.71069,-0.829109,-1.67617,-0.921945,2.08625,1.35275,-0.693819,-0.328455,0.891079,0.521116,0.559017,0.495019,0.743347,0.735721,-0.328455,0.891079,0.521116,0.559017,0.495019,0.743347,0.735721,0.376443,-0.41548,0.911751,0.547832,-0.0726494,0.0666518,0.830759,-0.617014,0.350858,0.789492,2.11573,-0.492757,1.44791,-2.72281,-0.0653453,2.55253,-2.79652,-0.126329,2.86633,-0.324129,0.734324,0.39351,0.450806,0.307056,0.599387,0.624835,1
1.66299,-0.746419,-1.63572,-0.867627,2.12615,1.41855,-0.625874,1.68828,-0.775232,-1.64655,-0.888111,2.11116,1.39734,-0.648606,1.70753,-0.820654,-1.6713,-0.916642,2.09078,1.35982,-0.686819,-0.352822,0.936658,0.533476,0.587396,0.487031,0.784701,0.777158,-0.352822,0.936658,0.533476,0.587396,0.487031,0.784701,0.777158,0.370943,-0.412396,0.917785,0.545674,-0.0809201,0.0654687,0.831508,-0.442551,0.259137,0.558743,2.08734,-0.493587,1.47231,-2.89618,-0.084695,2.48813,-2.79628,-0.111546,2.75569,-0.445458,0.742347,0.355739,0.490152,0.353712,0.587264,0.609443,1
1.65579,-0.737087,-1.62898,-0.862455,2.13393,1.42534,-0.620385,1.68222,-0.765477,-1.64196,-0.881974,2.1148,1.40487,-0.640375,1.70409,-0.811832,-1.66635,-0.9111,2.09514,1.36719,-0.679464,-0.389131,0.971421,0.538531,0.611225,0.461176,0.809603,0.813091,-0.389131,0.971421,0.538531,0.611225,0.461176,0.809603,0.813091,0.365169,-0.409066,0.923994,0.543396,-0.0896087,0.0644885,0.832185,-0.465553,0.279326,0.576284,2.06023,-0.495427,1.49672,-2.63827,-0.179053,2.37568,-2.78597,-0.106943,2.64871,-0.48301,0.747456,0.373656,0.486446,0.387893,0.581439,0.590784,1
1.65929,-0.727185,-1.62312,-0.860696,2.13071,1.43315,-0.609524,1.67468,-0.755869,-1.63781,-0.87563,2.11955,1.41201,-0.632752,1.69961,-0.801457,-1.66074,-0.904583,2.09968,1.37574,-0.670717,-0.410873,0.951234,0.514554,0.597462,0.416168,0.783477,0.801974,-0.410873,0.951234,0.514554,0.597462,0.416168,0.783477,0.801974,0.358101,-0.405017,0.931323,0.540791,-0.100042,0.0638263,0.832744,-0.675302,0.390495,0.795522,2.03261,-0.49709,1.51945,-2.66594,-0.160484,2.19385,-2.77861,-0.114202,2.53614,-0.403246,0.742725,0.376133,0.438874,0.310248,0.5741,0.611931,1
1.65587,-0.717875,-1.61774,-0.854741,2.13697,1.44078,-0.599712,1.66674,-0.746374,-1.63364,-0.869406,2.12505,1.4189,-0.62561,1.69468,-0.791258,-1.65541,-0.898174,2.10397,1.38399,-0.662116,-0.452002,0.935097,0.488024,0.587605,0.392834,0.757024,0.788572,-0.452002,0.935097,0.488024,0.587605,0.392834,0.757024,0.788572,0.351065,-0.401061,0.938337,0.53836,-0.110164,0.0635035,0.833066,-0.68134,0.375129,0.765142,2.00507,-0.497867,1.54064,-2.83913,-0.0801503,2.18518,-2.76497,-0.118116,2.42396,-0.388128,0.733827,0.376696,0.434339,0.329984,0.567895,0.624035,1
1.64687,-0.707473,-1.61433,-0.848844,2.14079,1.44904,-0.590313,1.66071,-0.736874,-1.62883,-0.863978,2.12984,1.42589,-0.618052,1.68901,-0.781226,-1.65042,-0.891784,2.10839,1.39194,-0.653792,-0.519775,0.919751,0.457374,0.58593,0.405015,0.728137,0.763146,-0.519775,0.919751,0.457374,0.58593,0.405015,0.728137,0.763146,0.34393,-0.39734,0.945074,0.536255,-0.119956,0.0633874,0.833081,-0.703791,0.341709,0.738087,1.97747,-0.498933,1.56118,-2.71602,-0.104855,2.0212,-2.75879,-0.122181,2.31759,-0.421439,0.737538,0.360979,0.429401,0.324028,0.571028,0.634792,1
1.6398,-0.696957,-1.60824,-0.845234,2.14893,1.45577,-0.581886,1.65684,-0.727252,-1.62357,-0.859262,2.13352,1.43326,-0.609411,1.6827,-0.771347,-1.64566,-0.88544,2.11311,1.39958,-0.645803,-0.57883,0.90583,0.436351,0.581609,0.433059,0.700702,0.732461,-0.57883,0.90583,0.436351,0.581609,0.433059,0.700702,0.732461,0.336637,-0.393907,0.951568,0.534524,-0.129426,0.0633406,0.832779,-0.722886,0.314679,0.714593,1.95599,-0.501044,1.58518,-2.15783,-0.212078,2.41034,-2.69332,-0.135693,2.2624,-0.428992,0.743895,0.374218,0.402066,0.358257,0.561925,0.639176,1
1.63362,-0.687585,-1.60618,-0.840085,2.15108,1.46427,-0.573981,1.65281,-0.717432,-1.61847,-0.854559,2.13728,1.44091,-0.600082,1.67647,-0.761575,-1.64089,-0.879356,2.11785,1.40704,-0.637937,-0.571631,0.895987,0.437438,0.557822,0.434928,0.683954,0.721278,-0.571631,0.895987,0.437438,0.557822,0.434928,0.683954,0.721278,0.329372,-0.390514,0.957846,0.53287,-0.138651,0.0633557,0.832353,-0.705732,0.331316,0.693128,1.92273,-0.501517,1.60072,-3.33558,-0.0474616,1.55834,-2.70523,-0.131673,2.15677,-0.428414,0.739896,0.347122,0.392718,0.332256,0.572284,0.639559,1
1.62694,-0.677569,-1.60321,-0.835755,2.15783,1.47145,-0.566248,1.64707,-0.707425,-1.61382,-0.849678,2.14198,1.4486,-0.590904,1.6709,-0.751845,-1.63598,-0.87366,2.12229,1.41447,-0.629851,-0.510027,0.892079,0.450177,0.522261,0.407168,0.68157,0.741415,-0.510027,0.892079,0.450177,0.522261,0.407168,0.68157,0.741415,0.322422,-0.386794,0.963921,0.530827,-0.147744,0.0635406,0.83208,-0.660097,0.382301,0.673382,1.89526,-0.502783,1.61886,-2.72187,-0.125459,1.79782,-2.72774,-0.121793,2.04826,-0.439651,0.742762,0.327693,0.379056,0.355342,0.569782,0.63602,1
1.62138,-0.66805,-1.6007,-0.830949,2.15907,1.48043,-0.558239,1.64033,-0.697389,-1.60972,-0.844894,2.14711,1.45628,-0.582276,1.66577,-0.74209,-1.63102,-0.868246,2.12654,1.42196,-0.621412,-0.470217,0.894431,0.455302,0.496468,0.389637,0.687032,0.773695,-0.470217,0.894431,0.455302,0.496468,0.389637,0.687032,0.773695,0.315827,-0.382655,0.969817,0.528237,-0.15678,0.0639549,0.832043,-0.629351,0.422257,0.657386,1.86793,-0.504342,1.63501,-2.79306,-0.159318,1.65057,-2.74437,-0.122057,1.93814,-0.443952,0.740402,0.30314,0.372962,0.325251,0.584643,0.631735,1
1.61253,-0.65775,-1.59699,-0.826674,2.16706,1.48623,-0.549217,1.63362,-0.687474,-1.60626,-0.840261,2.15197,1.46402,-0.574092,1.66047,-0.732264,-1.62614,-0.862982,2.13092,1.42951,-0.612764,-0.486079,0.900965,0.447058,0.482591,0.401243,0.692259,0.792918,-0.486079,0.900965,0.447058,0.482591,0.401243,0.692259,0.792918,0.309372,-0.378288,0.975563,0.52533,-0.165769,0.0645572,0.832095,-0.629125,0.433421,0.644039,1.84088,-0.505317,1.6515,-2.73295,-0.0984601,1.66594,-2.75856,-0.124673,1.83544,-0.47946,0.74514,0.291553,0.363085,0.361407,0.567132,0.635473,1
1.60582,-0.647734,-1.59442,-0.823629,2.17139,1.49455,-0.540601,1.62704,-0.677646,-1.60325,-0.835696,2.15651,1.4718,-0.566028,1.65476,-0.722378,-1.62149,-0.857855,2.13551,1.4371,-0.604122,-0.523611,0.906412,0.426842,0.470126,0.420893,0.695669,0.792417,-0.523611,0.906412,0.426842,0.470126,0.420893,0.695669,0.792417,0.30289,-0.373881,0.98116,0.522389,-0.174671,0.0653093,0.832066,-0.637382,0.431672,0.628147,1.81314,-0.50719,1.66575,-2.77866,-0.187597,1.42753,-2.77861,-0.12908,1.7166,-0.489459,0.746436,0.270674,0.342257,0.358824,0.574462,0.635209,1
1.59705,-0.63748,-1.59834,-0.821746,2.17539,1.50165,-0.531721,1.6202,-0.667768,-1.60043,-0.831323,2.16115,1.47944,-0.557779,1.64877,-0.712484,-1.61717,-0.852867,2.14018,1.44473,-0.595609,-0.549598,0.907169,0.395856,0.45728,0.427852,0.699684,0.7805,-0.549598,0.907169,0.395856,0.45728,0.427852,0.699684,0.7805,0.296396,-0.369485,0.986574,0.519545,-0.183443,0.0662389,0.831886,-0.636859,0.430365,0.607501,1.78517,-0.508953,1.67882,-2.73521,-0.172404,1.27789,-2.8072,-0.134303,1.5844,-0.517174,0.75004,0.188271,0.311211,0.352139,0.569159,0.638883,1
1.58938,-0.627208,-1.60279,-0.823565,2.17819,1.51045,-0.52367,1.6129,-0.657763,-1.5982,-0.827513,2.16604,1.48691,-0.549256,1.64261,-0.702608,-1.61322,-0.848,2.14481,1.4524,-0.587224,-0.564767,0.905456,0.361901,0.446306,0.424635,0.703404,0.768835,-0.564767,0.905456,0.361901,0.446306,0.424635,0.703404,0.768835,0.289962,-0.365084,0.991781,0.516815,-0.192064,0.0673919,0.831548,-0.630174,0.431341,0.585752,1.75791,-0.510168,1.69261,-2.75379,-0.122764,1.39339,-2.74788,-0.14692,1.52261,-0.532251,0.754002,0.10428,0.244352,0.33384,0.580443,0.635536,1
1.57504,-0.619019,-1.6184,-0.810631,2.18676,1.51542,-0.517565,1.6051,-0.647676,-1.59783,-0.824568,2.17082,1.49439,-0.540646,1.63715,-0.694016,-1.60996,-0.843841,2.14884,1.45907,-0.579949,-0.614523,0.9521,0.345864,0.454051,0.446721,0.738636,0.804178,-0.614523,0.9521,0.345864,0.454051,0.446721,0.738636,0.804178,0.284573,-0.361307,0.996063,0.514511,-0.199289,0.0685055,0.831185,-0.448169,0.316568,0.41327,1.73125,-0.510805,1.70546,-2.64999,-0.0633068,1.27694,-2.74199,-0.140538,1.4368,-0.621087,0.749973,-0.0843787,0.332095,0.379209,0.563455,0.62384,1
1.56781,-0.609455,-1.63204,-0.826405,2.18663,1.52124,-0.510566,1.59662,-0.637685,-1.60078,-0.82225,2.17532,1.50187,-0.532312,1.63027,-0.683739,-1.60663,-0.839212,2.15371,1.46697,-0.571249,-0.630237,0.942234,0.305643,0.424378,0.44714,0.723565,0.79773,-0.630237,0.942234,0.305643,0.424378,0.44714,0.723565,0.79773,0.278044,-0.356694,1.00109,0.511825,-0.207885,0.0702073,0.830596,-0.638443,0.448972,0.565387,1.70416,-0.511187,1.71707,-2.75413,-0.0388997,1.17987,-2.73498,-0.123176,1.36048,-0.624603,0.742844,-0.254135,0.128073,0.329195,0.542699,0.606822,1
1.56308,-0.602342,-1.63273,-0.834233,2.19439,1.53381,-0.503031,1.58729,-0.628045,-1.60774,-0.820595,2.17978,1.50906,-0.524562,1.62314,-0.673517,-1.60413,-0.835061,2.15856,1.47474,-0.562574,-0.654179,0.937314,0.228741,0.380614,0.444683,0.712875,0.795382,-0.654179,0.937314,0.228741,0.380614,0.444683,0.712875,0.795382,0.271764,-0.352134,1.00579,0.509258,-0.216042,0.0722499,0.829917,-0.613861,0.440648,0.527418,1.67666,-0.512717,1.72684,-2.73221,-0.15195,0.97134,-2.73053,-0.114455,1.26889,-0.600576,0.711745,-0.285998,0.00828389,0.358215,0.590727,0.595431,1
1.55419,-0.59463,-1.64801,-0.819413,2.19692,1.54682,-0.495344,1.5778,-0.618931,-1.61749,-0.820954,2.18429,1.51622,-0.517333,1.61562,-0.663359,-1.60318,-0.83143,2.16331,1.48243,-0.553996,-0.689236,0.931285,0.0870706,0.332961,0.435356,0.705013,0.786521,-0.689236,0.931285,0.0870706,0.332961,0.435356,0.705013,0.786521,0.265813,-0.34773,1.01009,0.507015,-0.223594,0.0748292,0.829061,-0.583694,0.41358,0.476735,1.6489,-0.514741,1.73525,-2.81689,-0.205404,0.853528,-2.72674,-0.11143,1.17499,-0.614316,0.68729,-0.448305,0.120167,0.336041,0.643884,0.58652,1
1.54906,-0.585546,-1.65613,-0.821058,2.1958,1.5562,-0.489052,1.56931,-0.610368,-1.62761,-0.823464,2.18862,1.52445,-0.510236,1.60759,-0.653349,-1.60448,-0.828358,2.16798,1.48998,-0.545652,-0.736362,0.91781,-0.118477,0.281592,0.427865,0.692054,0.764973,-0.736362,0.91781,-0.118477,0.281592,0.427865,0.692054,0.764973,0.260268,-0.343682,1.01386,0.505415,-0.230307,0.0781163,0.827896,-0.548622,0.361118,0.412468,1.6219,-0.515884,1.74368,-2.64271,-0.11189,0.824655,-2.72296,-0.113757,1.07586,-0.585306,0.678026,-0.516513,0.0730009,0.278186,0.662198,0.565996,1
1.54304,-0.575225,-1.65882,-0.839761,2.20564,1.56172,-0.480594,1.56201,-0.602155,-1.63694,-0.825397,2.1925,1.53436,-0.503019,1.59915,-0.643593,-1.60817,-0.826259,2.1726,1.49742,-0.537624,-0.774081,0.89449,-0.338253,0.192422,0.423883,0.681893,0.735998,-0.774081,0.89449,-0.338253,0.192422,0.423883,0.681893,0.735998,0.255266,-0.34011,1.01699,0.504584,-0.235968,0.082168,0.826415,-0.494486,0.305872,0.334518,1.5946,-0.516807,1.75075,-2.64562,-0.0894663,0.685273,-2.7282,-0.120108,0.960869,-0.561098,0.683677,-0.50654,-0.135011,0.33042,0.643074,0.570307,1
1.53876,-0.566544,-1.66566,-0.860361,2.21625,1.56943,-0.473061,1.55539,-0.593821,-1.64566,-0.826338,2.19606,1.54483,-0.495714,1.59069,-0.634175,-1.61368,-0.825467,2.17714,1.50508,-0.529861,-0.775539,0.863484,-0.505402,0.072641,0.416282,0.702549,0.711804,-0.775539,0.863484,-0.505402,0.072641,0.416282,0.702549,0.711804,0.250955,-0.336922,1.01942,0.504253,-0.240603,0.0868816,0.824798,-0.424119,0.273375,0.255213,1.56731,-0.517915,1.75658,-2.80567,-0.113862,0.599669,-2.73455,-0.127628,0.84846,-0.519302,0.676303,-0.519785,-0.348934,0.391103,0.643546,0.567996,1
1.53812,-0.558751,-1.67257,-0.871588,2.22646,1.57623,-0.467662,1.54932,-0.585004,-1.65344,-0.830849,2.20049,1.5542,-0.488358,1.58256,-0.625098,-1.62027,-0.825447,2.1815,1.51338,-0.522252,-0.745316,0.832161,-0.604622,0.00183566,0.399181,0.760979,0.697596,-0.745316,0.832161,-0.604622,0.00183566,0.399181,0.760979,0.697596,0.247269,-0.333941,1.02124,0.504064,-0.244613,0.0920372,0.823173,-0.37231,0.258297,0.19838,1.54049,-0.519006,1.76231,-2.69413,-0.109632,0.57524,-2.7285,-0.128278,0.752509,-0.444386,0.663473,-0.523001,-0.461404,0.449621,0.628461,0.5459,1
1.53923,-0.553225,-1.68066,-0.875194,2.23471,1.58219,-0.464568,1.54428,-0.575964,-1.66,-0.841749,2.20723,1.56208,-0.481081,1.57486,-0.616232,-1.62747,-0.8257,2.18563,1.52229,-0.514729,-0.706171,0.812864,-0.659882,-0.0231418,0.378463,0.817419,0.689706,-0.706171,0.812864,-0.659882,-0.0231418,0.378463,0.817419,0.689706,0.243989,-0.331027,1.02266,0.503842,-0.24843,0.0974567,0.82154,-0.340283,0.256154,0.166398,1.5136,-0.520155,1.76631,-2.62622,-0.112267,0.390709,-2.71629,-0.117418,0.662185,-0.356274,0.630069,-0.531909,-0.494942,0.490885,0.598915,0.501613,1
1.53322,-0.547069,-1.69061,-0.873487,2.24121,1.58914,-0.460112,1.54077,-0.56742,-1.6663,-0.855435,2.21606,1.56913,-0.47441,1.56762,-0.60738,-1.63483,-0.827159,2.18984,1.53134,-0.507254,-0.663651,0.811595,-0.674887,-0.133823,0.386316,0.829308,0.685388,-0.663651,0.811595,-0.674887,-0.133823,0.386316,0.829308,0.685388,0.241183,-0.327991,1.02376,0.50332,-0.252,0.103039,0.82009,-0.27633,0.283363,0.131134,1.48604,-0.521965,1.76858,-2.83296,-0.185984,0.233363,-2.71176,-0.115768,0.559994,-0.344002,0.603112,-0.557799,-0.463281,0.513731,0.577984,0.471419,1
1.52883,-0.536725,-1.6989,-0.877219,2.24512,1.59768,-0.452877,1.53856,-0.559806,-1.6734,-0.866294,2.22525,1.5759,-0.46881,1.561,-0.598475,-1.64197,-0.831295,2.19477,1.54005,-0.499835,-0.606444,0.816482,-0.654158,-0.379176,0.452115,0.79896,0.680207,-0.606444,0.816482,-0.654158,-0.379176,0.452115,0.79896,0.680207,0.239262,-0.324626,1.02446,0.501989,-0.254857,0.108597,0.819305,-0.158927,0.33461,0.0737851,1.45904,-0.523024,1.76989,-2.64141,-0.103636,0.127721,-2.71217,-0.121349,0.442883,-0.321759,0.6175,-0.569355,-0.459242,0.503546,0.576241,0.469582,1
1.53402,-0.526602,-1.70682,-0.883906,2.24905,1.60733,-0.446092,1.53652,-0.552707,-1.68147,-0.87233,2.23332,1.58275,-0.463911,1.55527,-0.589671,-1.64886,-0.838138,2.2008,1.5483,-0.492628,-0.52571,0.807106,-0.632498,-0.627392,0.553314,0.755601,0.660777,-0.52571,0.807106,-0.632498,-0.627392,0.553314,0.755601,0.660777,0.238488,-0.32094,1.02465,0.499571,-0.256692,0.113816,0.819502,-0.0342314,0.37258,0.0102085,1.43208,-0.524807,1.77149,-2.73508,-0.180833,0.162413,-2.70918,-0.132783,0.339609,-0.212459,0.630697,-0.579537,-0.457677,0.482447,0.590376,0.465351,1
1.54185,-0.519254,-1.71535,-0.895015,2.25818,1.61341,-0.441623,1.53435,-0.545133,-1.69005,-0.875692,2.23983,1.59008,-0.458767,1.55053,-0.581206,-1.65582,-0.846119,2.20773,1.55612,-0.485876,-0.434363,0.776186,-0.637754,-0.731769,0.635219,0.717522,0.619007,-0.434363,0.776186,-0.637754,-0.731769,0.635219,0.717522,0.619007,0.238624,-0.317193,1.0244,0.496394,-0.257688,0.11845,0.820463,0.0405115,0.370445,-0.0310647,1.40528,-0.52474,1.77141,-2.71904,0.00681067,-0.0079478,-2.70528,-0.124813,0.237175,-0.0867833,0.619513,-0.595333,-0.48896,0.504513,0.572911,0.442526,1
1.51604,-0.514681,-1.7259,-0.907029,2.26741,1.61578,-0.438448,1.53321,-0.536685,-1.69866,-0.879768,2.24543,1.59791,-0.453029,1.54656,-0.573127,-1.66309,-0.853549,2.21499,1.56367,-0.47965,-0.364186,0.740666,-0.666563,-0.681211,0.664914,0.692016,0.57087,-0.364186,0.740666,-0.666563,-0.681211,0.664914,0.692016,0.57087,0.23912,-0.313671,1.02396,0.493127,-0.258325,0.122513,0.821635,0.0509466,0.338694,-0.0390564,1.37793,-0.526112,1.77026,-2.67744,-0.1343,-0.111949,-2.70814,-0.119034,0.132038,-0.305193,0.584463,-0.628085,-0.534801,0.52428,0.521134,0.412013,1
1.507,-0.504581,-1.73431,-0.914755,2.27534,1.62299,-0.434991,1.53254,-0.528125,-1.70725,-0.886479,2.25144,1.60543,-0.447348,1.5431,-0.565192,-1.67073,-0.859826,2.22203,1.57116,-0.47373,-0.317211,0.727542,-0.700575,-0.57547,0.645766,0.686318,0.542714,-0.317211,0.727542,-0.700575,-0.57547,0.645766,0.686318,0.542714,0.239562,-0.310407,1.02355,0.490189,-0.259024,0.126289,0.822601,0.0333186,0.316835,-0.0259998,1.35135,-0.527581,1.7686,-2.78394,-0.153879,-0.174556,-2.7026,-0.115311,0.0419923,-0.361037,0.606112,-0.635758,-0.549291,0.5331,0.518357,0.387387,1
1.52563,-0.501901,-1.74293,-0.91599,2.2847,1.62953,-0.437519,1.52909,-0.52033,-1.7161,-0.895401,2.25874,1.61184,-0.442585,1.5403,-0.557111,-1.67865,-0.865479,2.22866,1.57874,-0.467862,-0.256876,0.740867,-0.725747,-0.51828,0.608246,0.695344,0.538011,-0.256876,0.740867,-0.725747,-0.51828,0.608246,0.695344,0.538011,0.239947,-0.307148,1.02324,0.487456,-0.259932,0.130101,0.823344,0.0385956,0.331448,-0.0152619,1.3243,-0.529135,1.76592,-2.51619,-0.14453,-0.249092,-2.69548,-0.114028,-0.042057,-0.14664,0.5521,-0.642779,-0.505107,0.560405,0.507857,0.303431,1
1.52563,-0.498428,-1.75207,-0.914685,2.29114,1.63108,-0.443969,1.5229,-0.513395,-1.72519,-0.90435,2.26703,1.61737,-0.439323,1.5381,-0.548895,-1.68676,-0.871432,2.23512,1.58631,-0.462047,-0.20167,0.753323,-0.743446,-0.545789,0.592069,0.693763,0.533149,-0.20167,0.753323,-0.743446,-0.545789,0.592069,0.693763,0.533149,0.240521,-0.303712,1.02291,0.48462,-0.260859,0.134044,0.824092,0.071715,0.35258,-0.0252867,1.2977,-0.529987,1.76207,-2.79693,-0.0895936,-0.404885,-2.69112,-0.115659,-0.133533,-0.124708,0.504662,-0.65313,-0.432534,0.560168,0.447744,0.180777,1
1.49018,-0.492778,-1.76213,-0.920691,2.29447,1.6317,-0.445909,1.51866,-0.507278,-1.73425,-0.910987,2.27544,1.62259,-0.438201,1.53554,-0.540797,-1.69508,-0.878226,2.24182,1.59354,-0.45653,-0.23411,0.74241,-0.762752,-0.62297,0.613868,0.663606,0.505838,-0.23411,0.74241,-0.762752,-0.62297,0.613868,0.663606,0.505838,0.241342,-0.300325,1.02241,0.48179,-0.26141,0.137991,0.824925,0.088439,0.327583,-0.0549579,1.27104,-0.530933,1.75714,-2.68963,-0.0954131,-0.497302,-2.68542,-0.113907,-0.235941,-0.453629,0.48019,-0.670592,-0.424647,0.526564,0.381541,0.106213,1
1.48956,-0.489791,-1.7717,-0.932959,2.29989,1.64834,-0.442091,1.51673,-0.50214,-1.74327,-0.914933,2.28313,1.62732,-0.439448,1.53196,-0.53303,-1.70361,-0.885632,2.24896,1.6003,-0.451652,-0.328511,0.712197,-0.782771,-0.678982,0.65532,0.619236,0.44721,-0.328511,0.712197,-0.782771,-0.678982,0.65532,0.619236,0.44721,0.242199,-0.297398,1.02167,0.479435,-0.261354,0.141759,0.825676,0.0728414,0.262503,-0.0842674,1.24451,-0.532147,1.75061,-2.60719,-0.119348,-0.642011,-2.67775,-0.122391,-0.339949,-0.424031,0.43239,-0.68089,-0.473277,0.509258,0.480426,0.0956159,1
1.52884,-0.492313,-1.77973,-0.934693,2.30807,1.6601,-0.452653,1.51209,-0.497843,-1.75248,-0.918311,2.28964,1.63194,-0.441944,1.52819,-0.52573,-1.7123,-0.892819,2.25647,1.60662,-0.447839,-0.345779,0.669299,-0.796292,-0.659012,0.688077,0.57926,0.349602,-0.345779,0.669299,-0.796292,-0.659012,0.688077,0.57926,0.349602,0.242939,-0.295062,1.02078,0.477818,-0.260875,0.145125,0.82618,0.0573661,0.206114,-0.0956424,1.21749,-0.533612,1.74368,-2.61067,-0.141517,-0.669282,-2.67237,-0.119388,-0.444693,0.00647093,0.334167,-0.67434,-0.41874,0.516025,0.534812,-0.0481336,1
1.50315,-0.486719,-1.78954,-0.927734,2.31119,1.65723,-0.463519,1.50576,-0.494304,-1.76186,-0.923048,2.29528,1.63818,-0.44451,1.52494,-0.519043,-1.72108,-0.899088,2.26403,1.61248,-0.445461,-0.297852,0.613126,-0.805056,-0.574748,0.693088,0.538022,0.218113,-0.297852,0.613126,-0.805056,-0.574748,0.693088,0.538022,0.218113,0.243546,-0.293234,1.01986,0.47699,-0.260322,0.14791,0.826339,0.0441079,0.158586,-0.0921907,1.19088,-0.534729,1.73643,-2.45352,-0.103028,-0.668549,-2.67227,-0.116278,-0.544463,-0.217926,0.32324,-0.68465,-0.286466,0.471627,0.447512,-0.180579,1
1.47206,-0.492705,-1.80149,-0.936178,2.29863,1.67323,-0.464333,1.50386,-0.491839,-1.77119,-0.928072,2.30052,1.64651,-0.447922,1.5213,-0.513034,-1.72998,-0.904537,2.27129,1.618,-0.444464,-0.333943,0.550993,-0.816269,-0.499637,0.665813,0.505558,0.0914094,-0.333943,0.550993,-0.816269,-0.499637,0.665813,0.505558,0.0914094,0.243901,-0.291983,1.01896,0.47717,-0.259796,0.15022,0.825984,0.00459632,0.0868458,-0.0944322,1.16403,-0.535911,1.7283,-3.05616,-0.134561,-0.925569,-2.67142,-0.116044,-0.634296,-0.492414,0.203283,-0.715102,-0.316409,0.2734,0.552336,-0.198694,1
1.46682,-0.500816,-1.80605,-0.940757,2.31031,1.67357,-0.463795,1.50364,-0.49072,-1.78052,-0.931264,2.30449,1.655,-0.453225,1.51891,-0.510158,-1.73487,-0.907379,2.27497,1.6211,-0.444471,-0.477236,0.575061,-0.9788,-0.568346,0.73665,0.619533,-0.0014105,-0.477236,0.575061,-0.9788,-0.568346,0.73665,0.619533,-0.0014105,0.243929,-0.291402,1.01794,0.478405,-0.259252,0.152315,0.825056,-0.031593,0.0135856,-0.117863,1.13716,-0.537045,1.71877,-2.68969,-0.113489,-0.953784,-2.67593,-0.120405,-0.720574,-0.520922,0.0934271,-0.711732,-0.333782,0.353383,0.524752,-0.193244,1
1.46939,-0.506837,-1.81735,-0.931743,2.32755,1.67426,-0.471526,1.49647,-0.491452,-1.78992,-0.933008,2.30637,1.66222,-0.45903,1.5132,-0.503221,-1.74814,-0.914968,2.28445,1.63018,-0.445453,-0.338847,0.412875,-0.83617,-0.475321,0.58295,0.592293,-0.0895501,-0.338847,0.412875,-0.83617,-0.475321,0.58295,0.592293,-0.0895501,0.243858,-0.291304,1.01666,0.480202,-0.258846,0.154181,0.823792,-0.0199818,-0.0203276,-0.151022,1.11037,-0.538309,1.7082,-2.68276,-0.126558,-1.05833,-2.67912,-0.122225,-0.806688,-0.438096,-0.0361616,-0.692162,-0.167749,0.430993,0.440847,-0.260728,1
1.46328,-0.516994,-1.82672,-0.92075,2.33668,1.67247,-0.479879,1.48333,-0.494825,-1.79913,-0.934426,2.30852,1.66803,-0.463491,1.51049,-0.499677,-1.75732,-0.919588,2.29013,1.63721,-0.447656,-0.248297,0.324924,-0.841608,-0.423545,0.521026,0.645075,-0.201995,-0.248297,0.324924,-0.841608,-0.423545,0.521026,0.645075,-0.201995,0.24384,-0.291545,1.01511,0.482302,-0.258784,0.155689,0.8223,-0.0130591,-0.0577346,-0.174214,1.08393,-0.539698,1.69685,-2.779,-0.146006,-1.1933,-2.67743,-0.12272,-0.892462,-0.472071,-0.173166,-0.69406,-0.0116198,0.465492,0.352562,-0.322225,1
1.45628,-0.523372,-1.83619,-0.916304,2.34223,1.67892,-0.487057,1.47253,-0.500741,-1.80808,-0.933998,2.31463,1.67189,-0.467404,1.50652,-0.497346,-1.76656,-0.923392,2.29473,1.6443,-0.45088,-0.364309,0.213791,-0.847516,-0.348789,0.422006,0.649939,-0.295603,-0.364309,0.213791,-0.847516,-0.348789,0.422006,0.649939,-0.295603,0.243505,-0.292521,1.01335,0.485319,-0.258894,0.15702,0.820234,-0.0836418,-0.174321,-0.195993,1.05792,-0.539967,1.68387,-2.57878,-0.0266432,-1.28712,-2.66524,-0.112141,-0.995364,-0.502319,-0.260258,-0.696281,0.070875,0.475,0.346138,-0.361766,1
1.45334,-0.522813,-1.84493,-0.905955,2.34534,1.6907,-0.492242,1.46665,-0.507967,-1.81717,-0.929782,2.32434,1.67401,-0.472652,1.49994,-0.496631,-1.77579,-0.92652,2.29864,1.65103,-0.454455,-0.602717,0.0655105,-0.846646,-0.286781,0.358361,0.616618,-0.327752,-0.602717,0.0655105,-0.846646,-0.286781,0.358361,0.616618,-0.327752,0.241618,-0.296343,1.01037,0.492294,-0.258562,0.158845,0.815819,-0.198202,-0.357002,-0.229351,1.03121,-0.541066,1.67137,-2.50069,-0.102893,-1.16946,-2.65874,-0.106329,-1.09267,-0.466037,-0.261819,-0.69137,0.20565,0.466996,0.396693,-0.377871,1
1.44543,-0.522849,-1.85259,-0.896364,2.35144,1.69708,-0.496308,1.46233,-0.514849,-1.82652,-0.922633,2.33382,1.67661,-0.479269,1.49357,-0.497027,-1.78378,-0.928695,2.30238,1.65644,-0.457617,-0.763415,-0.134695,-0.881317,-0.192343,0.444365,0.56051,-0.355012,-0.763415,-0.134695,-0.881317,-0.192343,0.444365,0.56051,-0.355012,0.23977,-0.299999,1.00842,0.497469,-0.257988,0.159329,0.812761,-0.267083,-0.491741,-0.228609,1.00567,-0.541089,1.65804,-2.76166,-0.00248804,-1.44159,-2.64081,-0.0901099,-1.17817,-0.481467,-0.258216,-0.688118,0.323315,0.490625,0.406381,-0.386911,1
1.44648,-0.528923,-1.86133,-0.897753,2.36294,1.70411,-0.502586,1.45746,-0.519881,-1.83571,-0.914591,2.34097,1.68174,-0.48588,1.48594,-0.500128,-1.79325,-0.929003,2.3086,1.66142,-0.461879,-0.699694,-0.284325,-0.867857,-0.0282489,0.570649,0.45669,-0.390768,-0.699694,-0.284325,-0.867857,-0.0282489,0.570649,0.45669,-0.390768,0.23659,-0.306472,1.00611,0.504787,-0.257037,0.15772,0.808855,-0.313724,-0.586853,-0.220616,0.978333,-0.542373,1.64045,-2.56497,-0.120472,-1.65066,-2.63782,-0.0818197,-1.28838,-0.394634,-0.287946,-0.680794,0.312497,0.543394,0.426875,-0.407073,1
1.44766,-0.535945,-1.86989,-0.895608,2.37419,1.70675,-0.509058,1.45263,-0.522935,-1.84447,-0.906992,2.34705,1.68897,-0.49173,1.47925,-0.504301,-1.80268,-0.927197,2.31575,1.66573,-0.466809,-0.613681,-0.382581,-0.864802,0.165555,0.655274,0.394751,-0.451943,-0.613681,-0.382581,-0.864802,0.165555,0.655274,0.394751,-0.451943,0.23457,-0.310333,1.00502,0.509028,-0.256756,0.156196,0.806579,-0.419416,-0.758862,-0.230176,0.951993,-0.544453,1.62328,-2.69381,-0.212726,-1.7557,-2.63778,-0.0889395,-1.40491,-0.315918,-0.31644,-0.672103,0.315892,0.584386,0.410203,-0.422497,1
1.44036,-0.545917,-1.87985,-0.902229,2.38019,1.71311,-0.5151,1.44896,-0.52581,-1.85295,-0.901209,2.3542,1.6963,-0.497192,1.47307,-0.508718,-1.81204,-0.923624,2.3229,1.67027,-0.472215,-0.56641,-0.404914,-0.858475,0.327643,0.655465,0.416269,-0.495669,-0.56641,-0.404914,-0.858475,0.327643,0.655465,0.416269,-0.495669,0.230516,-0.317427,1.00316,0.51702,-0.256692,0.153247,0.802069,-0.472914,-0.757057,-0.193037,0.926223,-0.545927,1.60535,-2.54409,-0.145547,-1.7707,-2.63523,-0.103454,-1.52357,-0.327136,-0.371988,-0.678035,0.213944,0.572934,0.428456,-0.428847,1
1.43107,-0.554513,-1.88999,-0.923495,2.38406,1.72121,-0.520088,1.44649,-0.530479,-1.86154,-0.898805,2.36286,1.70254,-0.502866,1.46728,-0.512748,-1.82124,-0.918909,2.32975,1.67557,-0.477747,-0.53138,-0.369507,-0.842649,0.432256,0.627737,0.486196,-0.507183,-0.53138,-0.369507,-0.842649,0.432256,0.627737,0.486196,-0.507183,0.226004,-0.324202,1.00161,0.525096,-0.257528,0.150322,0.797093,-0.50798,-0.703047,-0.155275,0.900199,-0.547038,1.58799,-2.68174,-0.114459,-1.78858,-2.6315,-0.122501,-1.62302,-0.362028,-0.417648,-0.687598,-0.0458541,0.543158,0.456456,-0.423414,1
1.42521,-0.56273,-1.89891,-0.933482,2.39237,1.727,-0.525198,1.44365,-0.537363,-1.87054,-0.901101,2.37159,1.70813,-0.508786,1.46208,-0.516451,-1.83023,-0.913892,2.33668,1.68144,-0.483259,-0.476156,-0.339475,-0.824258,0.46003,0.635412,0.538771,-0.505366,-0.476156,-0.339475,-0.824258,0.46003,0.635412,0.538771,-0.505366,0.221297,-0.330435,1.00026,0.532898,-0.259115,0.147543,0.791903,-0.507759,-0.648459,-0.139673,0.873903,-0.54783,1.56869,-2.60396,-0.0784019,-1.91089,-2.62492,-0.127658,-1.72591,-0.368703,-0.462794,-0.686865,-0.195908,0.556918,0.455585,-0.419389,1
1.42097,-0.568579,-1.90777,-0.933987,2.40044,1.73378,-0.531085,1.43882,-0.545571,-1.87995,-0.908577,2.37908,1.71405,-0.514583,1.45766,-0.520427,-1.8391,-0.909615,2.3441,1.68742,-0.488817,-0.40522,-0.364585,-0.813909,0.392081,0.680394,0.548205,-0.509583,-0.40522,-0.364585,-0.813909,0.392081,0.680394,0.548205,-0.509583,0.216751,-0.336389,0.998808,0.540228,-0.26088,0.144561,0.786891,-0.469073,-0.637461,-0.171218,0.846875,-0.548908,1.54757,-2.71027,-0.108151,-2.11782,-2.63231,-0.131989,-1.82221,-0.366971,-0.481522,-0.686654,-0.243717,0.563401,0.463596,-0.42268,1
1.41639,-0.576212,-1.91661,-0.932951,2.40818,1.7403,-0.536928,1.43249,-0.553941,-1.88946,-0.918966,2.38576,1.72052,-0.520103,1.45369,-0.525228,-1.84802,-0.907202,2.35189,1.69329,-0.494477,-0.364313,-0.440148,-0.817154,0.221267,0.714417,0.53826,-0.518978,-0.364313,-0.440148,-0.817154,0.221267,0.714417,0.53826,-0.518978,0.212674,-0.342541,0.996839,0.547099,-0.262095,0.1411,0.782355,-0.407101,-0.674724,-0.255551,0.819836,-0.550275,1.52591,-2.54506,-0.128709,-2.03908,-2.63588,-0.123291,-1.89891,-0.372966,-0.509845,-0.685963,-0.257489,0.562917,0.470069,-0.424507,1
1.40631,-0.585349,-1.92659,-0.940754,2.40928,1.7466,-0.544064,1.42624,-0.561798,-1.89875,-0.927802,2.39263,1.72717,-0.525576,1.44948,-0.530995,-1.85707,-0.907592,2.3596,1.69918,-0.500177,-0.386363,-0.52871,-0.830066,-0.0357286,0.706753,0.539388,-0.522526,-0.386363,-0.52871,-0.830066,-0.0357286,0.706753,0.539388,-0.522526,0.207783,-0.352424,0.992424,0.556567,-0.261949,0.135448,0.776704,-0.291482,-0.619754,-0.320678,0.793782,-0.551725,1.50367,-2.76717,-0.153919,-2.36236,-2.64547,-0.115653,-1.99334,-0.431702,-0.543549,-0.695164,-0.331623,0.496794,0.474201,-0.43887,1
1.40035,-0.594486,-1.93577,-0.946197,2.41189,1.75197,-0.552161,1.42044,-0.569301,-1.90786,-0.932971,2.39952,1.73371,-0.53134,1.44466,-0.537499,-1.86625,-0.910816,2.36701,1.70523,-0.505825,-0.441324,-0.596372,-0.841725,-0.295625,0.679885,0.554788,-0.51788,-0.441324,-0.596372,-0.841725,-0.295625,0.679885,0.554788,-0.51788,0.205204,-0.359938,0.988049,0.562769,-0.260166,0.131475,0.773511,-0.247344,-0.662878,-0.419868,0.767467,-0.553219,1.48037,-2.83312,-0.160914,-2.508,-2.65418,-0.120343,-2.09412,-0.443159,-0.569873,-0.695224,-0.353811,0.448764,0.467361,-0.463357,1
1.39464,-0.60393,-1.94419,-0.947372,2.41854,1.75552,-0.559066,1.41431,-0.577108,-1.91703,-0.936392,2.40527,1.74004,-0.537642,1.43944,-0.544387,-1.87546,-0.915631,2.37428,1.71145,-0.511424,-0.478794,-0.631504,-0.844632,-0.441454,0.66585,0.570219,-0.513304,-0.478794,-0.631504,-0.844632,-0.441454,0.66585,0.570219,-0.513304,0.202843,-0.367704,0.983072,0.568856,-0.257715,0.127487,0.77054,-0.230935,-0.682687,-0.478008,0.741902,-0.553813,1.45573,-2.49464,-0.0579477,-2.40465,-2.64592,-0.121152,-2.20476,-0.447948,-0.595434,-0.687292,-0.317407,0.442597,0.440692,-0.476424,1
1.38896,-0.614922,-1.95195,-0.954301,2.43322,1.75873,-0.565485,1.40758,-0.585628,-1.92625,-0.940285,2.40978,1.7459,-0.544519,1.43405,-0.551449,-1.88465,-0.920546,2.38143,1.71776,-0.517069,-0.493702,-0.647514,-0.842114,-0.450664,0.656004,0.578466,-0.517611,-0.493702,-0.647514,-0.842114,-0.450664,0.656004,0.578466,-0.517611,0.201495,-0.371946,0.980297,0.572193,-0.256361,0.125317,0.768876,-0.284028,-0.815034,-0.57895,0.716475,-0.554084,1.43023,-2.39893,-0.0255134,-2.40607,-2.62358,-0.112558,-2.30224,-0.450973,-0.634728,-0.672994,-0.337547,0.517916,0.409761,-0.484153,1
1.37846,-0.626045,-1.96131,-0.967529,2.44173,1.7635,-0.572447,1.40082,-0.594849,-1.93527,-0.944857,2.41478,1.75098,-0.55169,1.42846,-0.558723,-1.89383,-0.925038,2.38819,1.72407,-0.522901,-0.513092,-0.666853,-0.841575,-0.411814,0.619646,0.578996,-0.534675,-0.513092,-0.666853,-0.841575,-0.411814,0.619646,0.578996,-0.534675,0.198823,-0.379795,0.975125,0.578499,-0.253902,0.121355,0.765601,-0.316368,-0.822088,-0.583852,0.69073,-0.55532,1.40382,-2.5978,-0.124788,-2.66424,-2.59657,-0.103362,-2.39484,-0.499999,-0.673217,-0.674842,-0.424912,0.535399,0.394275,-0.495457,1
1.36844,-0.635448,-1.97198,-0.986099,2.44617,1.77288,-0.580095,1.39415,-0.604684,-1.94399,-0.95037,2.422,1.75538,-0.558783,1.42254,-0.56635,-1.90302,-0.92936,2.39431,1.73026,-0.529029,-0.54266,-0.699246,-0.842709,-0.396257,0.561176,0.567238,-0.561829,-0.54266,-0.699246,-0.842709,-0.396257,0.561176,0.567238,-0.561829,0.195891,-0.387747,0.969839,0.585111,-0.251405,0.117519,0.761991,-0.343839,-0.838749,-0.601777,0.664701,-0.556602,1.37715,-2.59861,-0.127938,-2.66296,-2.58037,-0.096551,-2.48613,-0.541011,-0.690984,-0.6896,-0.567393,0.518546,0.426212,-0.510658,1
1.35675,-0.640967,-1.9817,-0.994538,2.43037,1.78024,-0.585062,1.38674,-0.614906,-1.95275,-0.958416,2.43057,1.75994,-0.565704,1.41726,-0.57323,-1.91099,-0.933159,2.39946,1.73547,-0.534521,-0.596235,-0.784159,-0.880848,-0.424311,0.555391,0.56237,-0.622756,-0.596235,-0.784159,-0.880848,-0.424311,0.555391,0.56237,-0.622756,0.193272,-0.394502,0.96527,0.590832,-0.249234,0.114328,0.758768,-0.253799,-0.595269,-0.436001,0.638523,-0.557521,1.34921,-2.59942,-0.0912827,-2.77442,-2.58029,-0.0916464,-2.57759,-0.605076,-0.677368,-0.707094,-0.61379,0.309095,0.447704,-0.505415,1
1.35245,-0.650811,-1.99308,-1.00888,2.42299,1.79756,-0.591906,1.37799,-0.624861,-1.96202,-0.969736,2.43678,1.76576,-0.572523,1.41071,-0.582146,-1.92034,-0.938037,2.40585,1.74112,-0.541398,-0.600581,-0.817508,-0.857813,-0.447321,0.585678,0.517527,-0.630584,-0.600581,-0.817508,-0.857813,-0.447321,0.585678,0.517527,-0.630584,0.189869,-0.403318,0.95927,0.59826,-0.246009,0.110044,0.754622,-0.390518,-0.924291,-0.685646,0.612107,-0.558678,1.31981,-2.62561,-0.11497,-2.9222,-2.5879,-0.0939612,-2.67073,-0.582578,-0.686649,-0.727317,-0.708392,0.171407,0.564391,-0.505083,1
1.34164,-0.657785,-2.0012,-1.01374,2.3911,1.79188,-0.596783,1.36846,-0.63391,-1.97188,-0.982706,2.43675,1.77342,-0.579136,1.40488,-0.590104,-1.92839,-0.942768,2.41174,1.74586,-0.547389,-0.65793,-0.89964,-0.883634,-0.56757,0.682865,0.510554,-0.664344,-0.65793,-0.89964,-0.883634,-0.56757,0.682865,0.510554,-0.664344,0.186893,-0.410801,0.954073,0.60454,-0.243144,0.106248,0.751082,-0.288478,-0.654923,-0.497367,0.586305,-0.56029,1.28982,-2.61219,-0.163212,-3.03577,-2.59904,-0.110069,-2.7613,-0.632381,-0.676804,-0.728058,-0.709722,-0.206486,0.460166,-0.493947,1
1.33366,-0.664073,-2.01212,-1.02526,2.37751,1.80644,-0.600664,1.35924,-0.642112,-1.98201,-0.99504,2.42895,1.78217,-0.585356,1.39726,-0.599957,-1.93793,-0.950413,2.41884,1.7515,-0.554513,-0.69891,-0.903364,-0.873979,-0.700912,0.650649,0.517083,-0.653256,-0.69891,-0.903364,-0.873979,-0.700912,0.650649,0.517083,-0.653256,0.183313,-0.42043,0.946956,0.612186,-0.238677,0.100997,0.747035,-0.402776,-0.988087,-0.827622,0.560651,-0.561469,1.25875,-2.57808,-0.118505,-3.1226,-2.60326,-0.122041,-2.8563,-0.63601,-0.641163,-0.741912,-0.748469,-0.413311,0.549383,-0.461508,1
1.32151,-0.679751,-2.02147,-1.03298,2.3978,1.80227,-0.612097,1.35059,-0.650007,-1.99207,-1.00579,2.41505,1.79023,-0.59117,1.3891,-0.609582,-1.94755,-0.959567,2.42392,1.75771,-0.561493,-0.748351,-0.882472,-0.882466,-0.839314,0.465399,0.569735,-0.639968,-0.748351,-0.882472,-0.882466,-0.839314,0.465399,0.569735,-0.639968,0.179921,-0.429808,0.93933,0.619645,-0.233692,0.0964247,0.743055,-0.384176,-0.94861,-0.882485,0.535205,-0.562122,1.22694,-2.55673,-0.0656436,-3.19635,-2.59604,-0.117535,-2.95298,-0.675882,-0.701693,-0.739245,-0.734172,-0.261151,0.44556,-0.506034,1
1.31185,-0.691724,-2.03117,-1.04344,2.42387,1.78297,-0.62188,1.34179,-0.658288,-2.00194,-1.01534,2.40107,1.79607,-0.597018,1.38063,-0.618803,-1.95732,-0.969623,2.42534,1.76465,-0.568258,-0.775833,-0.845503,-0.895747,-0.921976,0.130712,0.635629,-0.620214,-0.775833,-0.845503,-0.895747,-0.921976,0.130712,0.635629,-0.620214,0.176847,-0.438599,0.931287,0.626889,-0.228352,0.093467,0.739005,-0.356657,-0.880037,-0.915264,0.509394,-0.56292,1.1939,-2.59962,-0.0803658,-3.32778,-2.58576,-0.110536,-3.05482,-0.687886,-0.729214,-0.738482,-0.738217,-0.0146799,0.183195,-0.536224,1
1.30397,-0.70224,-2.04029,-1.05436,2.419,1.77829,-0.62765,1.33229,-0.667858,-2.01172,-1.02451,2.39553,1.79817,-0.60378,1.37212,-0.627648,-1.96717,-0.979874,2.42243,1.7719,-0.574753,-0.780947,-0.811003,-0.903132,-0.939945,-0.267396,0.664899,-0.595521,-0.780947,-0.811003,-0.903132,-0.939945,-0.267396,0.664899,-0.595521,0.174163,-0.446612,0.923026,0.633889,-0.222778,0.0926833,0.734823,-0.327316,-0.805919,-0.924741,0.484369,-0.563592,1.16004,-2.58181,-0.069345,-3.49358,-2.56782,-0.101901,-3.15081,-0.681488,-0.74592,-0.731166,-0.7449,-0.034255,0.0639063,-0.528974,1
1.29479,-0.711096,-2.04903,-1.06439,2.39979,1.80155,-0.631406,1.3224,-0.678969,-2.0214,-1.03394,2.40094,1.79541,-0.611719,1.36352,-0.636334,-1.97703,-0.989927,2.41637,1.77875,-0.581064,-0.788295,-0.79635,-0.903668,-0.921695,-0.555033,0.628208,-0.578692,-0.788295,-0.79635,-0.903668,-0.921695,-0.555033,0.628208,-0.578692,0.17177,-0.453994,0.914702,0.640707,-0.216911,0.093802,0.730511,-0.318108,-0.761465,-0.924182,0.458588,-0.564921,1.12494,-2.41484,-0.124454,-3.28711,-2.55602,-0.0956667,-3.24653,-0.687273,-0.747625,-0.720091,-0.744634,-0.165827,0.228006,-0.503418,1
1.28576,-0.71725,-2.05753,-1.07304,2.38708,1.80252,-0.637089,1.31277,-0.690475,-2.03087,-1.04381,2.40893,1.79078,-0.619689,1.3559,-0.644026,-1.98559,-0.998538,2.41119,1.78398,-0.586625,-0.856271,-0.864451,-0.947749,-0.942211,-0.56768,0.514537,-0.622272,-0.856271,-0.864451,-0.947749,-0.942211,-0.56768,0.514537,-0.622272,0.169754,-0.460013,0.907613,0.646377,-0.211792,0.095329,0.726811,-0.238681,-0.536869,-0.668187,0.433501,-0.566187,1.08877,-2.5607,-0.129225,-3.69205,-2.54776,-0.0930931,-3.34884,-0.701461,-0.732239,-0.719395,-0.745012,-0.241059,0.185388,-0.504642,1
1.28392,-0.727679,-2.06741,-1.08479,2.42359,1.82422,-0.644819,1.30375,-0.700951,-2.04004,-1.05392,2.41008,1.79051,-0.626451,1.3464,-0.653931,-1.99574,-1.00857,2.40828,1.78722,-0.593738,-0.870732,-0.908196,-0.930832,-0.920106,-0.266282,0.297175,-0.652217,-0.870732,-0.908196,-0.930832,-0.920106,-0.266282,0.297175,-0.652217,0.166762,-0.468235,0.898862,0.653966,-0.204233,0.0957594,0.722113,-0.420631,-0.882836,-0.979504,0.408636,-0.566888,1.05176,-2.47042,-0.069658,-3.67747,-2.53664,-0.0942426,-3.45097,-0.624832,-0.737476,-0.71672,-0.762126,0.15313,0.369994,-0.510813,1
1.28267,-0.736471,-2.07734,-1.09619,2.45144,1.81936,-0.654592,1.29563,-0.710108,-2.04903,-1.06402,2.40658,1.797,-0.632283,1.33687,-0.66429,-2.0057,-1.01856,2.40846,1.78823,-0.601094,-0.874255,-0.949795,-0.912916,-0.915799,0.0168571,0.0925092,-0.674482,-0.874255,-0.949795,-0.912916,-0.915799,0.0168571,0.0925092,-0.674482,0.163262,-0.477123,0.890089,0.661872,-0.195796,0.0941326,0.717446,-0.462728,-0.930748,-0.991075,0.382833,-0.567666,1.01407,-2.54816,-0.0767922,-3.72135,-2.53393,-0.0970036,-3.5505,-0.541948,-0.721804,-0.71642,-0.776301,0.429776,0.311332,-0.534975,1
1.27737,-0.7451,-2.08705,-1.10656,2.45517,1.82965,-0.661747,1.28914,-0.718683,-2.05814,-1.07425,2.40928,1.8068,-0.638472,1.32748,-0.674683,-2.01543,-1.02859,2.40892,1.78888,-0.608282,-0.860777,-0.952836,-0.892482,-0.919028,0.0420768,0.0593393,-0.659047,-0.860777,-0.952836,-0.892482,-0.919028,0.0420768,0.0593393,-0.659047,0.159489,-0.486217,0.88124,0.669764,-0.186884,0.0914183,0.712835,-0.472382,-0.910497,-1.00047,0.356867,-0.569311,0.976549,-2.67592,-0.169528,-3.86723,-2.53788,-0.104591,-3.6327,-0.501091,-0.704178,-0.716233,-0.779786,0.462484,0.407682,-0.534647,1
1.26284,-0.756415,-2.09588,-1.11566,2.44772,1.83213,-0.667072,1.28445,-0.727425,-2.06756,-1.08484,2.4226,1.81579,-0.645707,1.31845,-0.684725,-2.02496,-1.03863,2.40826,1.79118,-0.615086,-0.827786,-0.920736,-0.873366,-0.921031,-0.060948,0.211043,-0.623786,-0.827786,-0.920736,-0.873366,-0.921031,-0.060948,0.211043,-0.623786,0.155682,-0.494831,0.872306,0.677185,-0.17836,0.0889438,0.708305,-0.465539,-0.836104,-1.00265,0.331257,-0.569527,0.936874,-2.48884,-0.0209863,-3.85571,-2.54802,-0.100218,-3.71775,-0.556147,-0.7169,-0.709261,-0.770247,0.394577,0.409468,-0.519865,1
1.25291,-0.76762,-2.10538,-1.12516,2.44191,1.83244,-0.675423,1.27988,-0.736591,-2.07717,-1.09556,2.43845,1.82246,-0.653471,1.31014,-0.694351,-2.03436,-1.04873,2.40855,1.79561,-0.621715,-0.761871,-0.882565,-0.862528,-0.925645,0.0265855,0.406078,-0.607811,-0.761871,-0.882565,-0.862528,-0.925645,0.0265855,0.406078,-0.607811,0.151853,-0.502726,0.863324,0.683958,-0.170885,0.0866377,0.703913,-0.461343,-0.766203,-1.00089,0.306118,-0.572754,0.895593,-2.6022,-0.334027,-4.27302,-2.54882,-0.116428,-3.81091,-0.572342,-0.732692,-0.710139,-0.764342,0.333599,0.368301,-0.537074,1
1.24575,-0.779231,-2.11504,-1.13456,2.44278,1.83382,-0.68325,1.27317,-0.746306,-2.0867,-1.10588,2.44709,1.82721,-0.660964,1.30286,-0.703726,-2.04377,-1.05896,2.41253,1.80133,-0.628516,-0.667812,-0.859593,-0.862791,-0.938645,0.365092,0.524379,-0.623534,-0.667812,-0.859593,-0.862791,-0.938645,0.365092,0.524379,-0.623534,0.147895,-0.510167,0.854316,0.690225,-0.164503,0.0832366,0.699714,-0.461005,-0.731819,-1.00273,0.28123,-0.573503,0.853887,-2.46816,-0.0742656,-4.13599,-2.54795,-0.126924,-3.9078,-0.571045,-0.755041,-0.712625,-0.755938,0.30246,0.324935,-0.547342,1
1.24124,-0.789598,-2.12451,-1.14419,2.44993,1.83781,-0.690588,1.26417,-0.756728,-2.0961,-1.11566,2.44765,1.83055,-0.668148,1.29634,-0.713042,-2.05324,-1.06934,2.41988,1.80732,-0.63559,-0.597289,-0.854129,-0.867838,-0.95109,0.673628,0.549087,-0.64856,-0.597289,-0.854129,-0.867838,-0.95109,0.673628,0.549087,-0.64856,0.143759,-0.517479,0.845257,0.696255,-0.158776,0.0780747,0.695646,-0.465055,-0.720208,-1.0108,0.256138,-0.574174,0.811189,-2.51397,-0.0672545,-4.27798,-2.54089,-0.132047,-4.01085,-0.551043,-0.765551,-0.712692,-0.748474,0.300468,0.304894,-0.549979,1
1.23572,-0.799328,-2.13384,-1.15418,2.45905,1.84167,-0.697245,1.25496,-0.767673,-2.1055,-1.12518,2.44589,1.83287,-0.675455,1.28977,-0.722472,-2.06272,-1.0797,2.42759,1.81296,-0.642783,-0.602401,-0.864496,-0.86957,-0.949686,0.707195,0.517062,-0.659458,-0.602401,-0.864496,-0.86957,-0.949686,0.707195,0.517062,-0.659458,0.139438,-0.524763,0.836097,0.702287,-0.153122,0.0719518,0.691498,-0.484515,-0.713017,-1.02405,0.241721,-0.584811,0.779528,-1.49068,-1.09985,-3.27377,-2.41008,-0.232629,-3.99053,-0.540585,-0.768562,-0.7112,-0.744821,0.314557,0.287082,-0.544627,1
1.22761,-0.808538,-2.14198,-1.16443,2.46209,1.83104,-0.705908,1.24724,-0.778609,-2.11494,-1.13471,2.44673,1.8349,-0.682949,1.28252,-0.732182,-2.07219,-1.08989,2.43328,1.81794,-0.649973,-0.665506,-0.890304,-0.867373,-0.934764,0.521215,0.457135,-0.659221,-0.665506,-0.890304,-0.867373,-0.934764,0.521215,0.457135,-0.659221,0.132754,-0.535269,0.822466,0.71134,-0.144225,0.0636563,0.684939,-0.443998,-0.590082,-0.88569,0.257032,-0.606008,0.76273,1.53881,-2.13036,-1.6882,-1.8877,-0.507421,-3.71626,-0.549026,-0.763556,-0.697952,-0.745395,0.28813,0.130925,-0.559355,1
1.22219,-0.820927,-2.14553,-1.17218,2.47747,1.81186,-0.713464,1.24086,-0.789135,-2.1242,-1.14438,2.45117,1.83614,-0.690433,1.2747,-0.742243,-2.08163,-1.09989,2.43685,1.82217,-0.657196,-0.716275,-0.922386,-0.865804,-0.917026,0.327694,0.387979,-0.662274,-0.716275,-0.922386,-0.865804,-0.917026,0.327694,0.387979,-0.662274,0.130164,-0.539158,0.817285,0.714826,-0.140522,0.0611767,0.682302,-0.545467,-0.701571,-1.06241,0.268501,-0.629235,0.746432,1.09107,-2.20975,-1.55053,-1.1641,-0.917647,-3.25504,-0.525083,-0.786842,-0.639062,-0.72283,0.4062,-0.103108,-0.562672,1
1.24674,-0.831164,-2.12906,-1.16272,2.47664,1.82101,-0.71038,1.23523,-0.799349,-2.13238,-1.15377,2.45783,1.83427,-0.697788,1.26692,-0.752551,-2.09107,-1.10976,2.43965,1.82578,-0.664496,-0.713633,-0.945138,-0.86587,-0.904818,0.256825,0.330708,-0.669294,-0.713633,-0.945138,-0.86587,-0.904818,0.256825,0.330708,-0.669294,0.125338,-0.546249,0.807614,0.721233,-0.133469,0.056683,0.677345,-0.550326,-0.690487,-1.07888,0.281703,-0.650219,0.728534,1.29441,-2.05734,-1.75478,-0.349309,-1.34177,-2.73052,-0.201828,-0.78613,-0.379833,-0.52959,0.369863,-0.0477603,-0.458838,1
1.31593,-0.832779,-2.09409,-1.09407,2.48597,1.88491,-0.707531,1.23298,-0.809549,-2.13689,-1.16022,2.46528,1.82961,-0.704303,1.25953,-0.762922,-2.10046,-1.11957,2.44292,1.82872,-0.671849,-0.677273,-0.95078,-0.861041,-0.899612,0.299412,0.269336,-0.674081,-0.677273,-0.95078,-0.861041,-0.899612,0.299412,0.269336,-0.674081,0.120542,-0.553243,0.797835,0.727552,-0.126092,0.0520605,0.672353,-0.53997,-0.67404,-1.08556,0.295243,-0.672294,0.710222,1.3773,-2.24563,-1.86283,0.42839,-1.76032,-2.24786,0.563926,-0.698574,0.0636934,0.255081,0.430554,0.5619,-0.356823,1
1.31472,-0.843006,-2.12338,-1.08141,2.50031,1.88905,-0.714998,1.24101,-0.819364,-2.13425,-1.15728,2.47267,1.82975,-0.70856,1.25264,-0.773247,-2.10951,-1.12927,2.44715,1.83029,-0.679202,-0.631711,-0.946721,-0.829393,-0.888645,0.387597,0.144346,-0.674155,-0.631711,-0.946721,-0.829393,-0.888645,0.387597,0.144346,-0.674155,0.11587,-0.560148,0.788076,0.733702,-0.118358,0.0468852,0.667439,-0.518181,-0.658359,-1.07562,0.308315,-0.695408,0.690747,1.33014,-2.35183,-1.98159,1.02945,-2.08172,-1.90762,0.62081,-0.697584,-0.138674,0.478607,0.531616,0.587557,-0.357968,1
1.31547,-0.852749,-2.09864,-1.12411,2.50706,1.89145,-0.691875,1.26268,-0.827972,-2.125,-1.14065,2.48008,1.84258,-0.709954,1.24707,-0.783538,-2.11727,-1.13804,2.45229,1.8301,-0.686317,-0.511119,-0.943466,-0.711528,-0.804419,0.471219,-0.017686,-0.652372,-0.511119,-0.943466,-0.711528,-0.804419,0.471219,-0.017686,-0.652372,0.111599,-0.566886,0.778638,0.739426,-0.110412,0.0409386,0.662859,-0.444997,-0.625668,-1.01883,0.3211,-0.718429,0.671237,1.22117,-2.19894,-1.86364,1.31229,-2.22398,-1.80375,0.68401,-0.692114,0.186268,0.139268,0.547778,0.613453,-0.0555778,1
1.31427,-0.866731,-2.13904,-1.13632,2.51497,1.88758,-0.725924,1.28919,-0.83571,-2.11585,-1.11909,2.4884,1.86387,-0.709299,1.24535,-0.793694,-2.12208,-1.14349,2.45806,1.83,-0.692622,-0.157307,-0.931109,-0.441182,-0.499996,0.529725,-0.00903837,-0.578083,-0.157307,-0.931109,-0.441182,-0.499996,0.529725,-0.00903837,-0.578083,0.108467,-0.572944,0.770261,0.74393,-0.103724,0.0342373,0.659271,-0.24845,-0.524105,-0.847059,0.334115,-0.741827,0.650557,1.32498,-2.38205,-2.10522,1.29663,-2.25369,-1.87392,0.689139,-0.730374,-0.169523,0.071787,0.569071,0.575802,-0.33302,1
1.32278,-0.872198,-2.1087,-1.13661,2.51647,1.90061,-0.714196,1.30744,-0.844118,-2.11283,-1.10944,2.49758,1.8811,-0.708383,1.25026,-0.80341,-2.12291,-1.14269,2.4643,1.83357,-0.697535,0.45044,-0.890881,-0.0758936,0.0740088,0.572136,0.326976,-0.450453,0.45044,-0.890881,-0.0758936,0.0740088,0.572136,0.326976,-0.450453,0.107393,-0.577441,0.764019,0.746187,-0.101147,0.027133,0.657448,0.0555169,-0.344723,-0.548414,0.346991,-0.764913,0.628216,1.26321,-2.26471,-2.19171,1.30768,-2.27279,-1.96281,0.725128,-0.687872,0.142135,0.0607783,0.521715,0.670435,-0.166602,1
1.33855,-0.880233,-2.11766,-1.11288,2.51826,1.91229,-0.735481,1.31503,-0.853786,-2.1152,-1.11575,2.50594,1.88945,-0.709806,1.2613,-0.812566,-2.12091,-1.136,2.47114,1.84216,-0.70087,1.01169,-0.839455,0.183468,0.613287,0.626392,0.787442,-0.30574,1.01169,-0.839455,0.183468,0.613287,0.626392,0.787442,-0.30574,0.108542,-0.580001,0.760248,0.745928,-0.104243,0.0200104,0.657513,0.311986,-0.17857,-0.285758,0.359306,-0.78775,0.604603,1.30149,-2.41357,-2.49564,1.29323,-2.30088,-2.05713,0.772551,-0.676663,0.032502,0.231196,0.471203,0.701338,-0.346114,1
1.35076,-0.886871,-2.1066,-1.10465,2.52486,1.92517,-0.728972,1.31946,-0.863561,-2.11778,-1.12503,2.5121,1.89454,-0.714827,1.27438,-0.82151,-2.11862,-1.12847,2.47863,1.8532,-0.703,1.19931,-0.820043,0.209879,0.690389,0.687386,1.01212,-0.195277,1.19931,-0.820043,0.209879,0.690389,0.687386,1.01212,-0.195277,0.111041,-0.581359,0.757657,0.744002,-0.110837,0.0128494,0.658795,0.408286,-0.120518,-0.256518,0.371766,-0.81058,0.580695,1.25683,-2.30282,-2.41149,1.27659,-2.30723,-2.15676,0.763828,-0.653609,0.120185,0.238186,0.46224,0.719711,-0.259722,1
1.3623,-0.898499,-2.11796,-1.11128,2.53307,1.93519,-0.731587,1.32691,-0.872307,-2.11714,-1.12555,2.51645,1.9021,-0.72151,1.2859,-0.830659,-2.11765,-1.12486,2.48637,1.86347,-0.704929,1.05645,-0.838866,0.0890071,0.33065,0.709684,0.94228,-0.176885,1.05645,-0.838866,0.0890071,0.33065,0.709684,0.94228,-0.176885,0.113892,-0.582697,0.75433,0.741666,-0.116845,0.0054338,0.660492,0.394953,-0.152832,-0.426871,0.384173,-0.833754,0.55601,1.25164,-2.3379,-2.4903,1.26463,-2.30451,-2.25446,0.763945,-0.678394,-0.00307021,0.135786,0.467024,0.717141,-0.26658,1
1.3693,-0.907916,-2.1274,-1.13038,2.53754,1.94291,-0.727899,1.33779,-0.880355,-2.11485,-1.11901,2.52059,1.91255,-0.726906,1.29484,-0.838716,-2.11735,-1.1237,2.49287,1.87162,-0.707082,0.893059,-0.901214,-0.0154754,-0.0479674,0.697855,0.831484,-0.280921,0.893059,-0.901214,-0.0154754,-0.0479674,0.697855,0.831484,-0.280921,0.116332,-0.584002,0.750888,0.739753,-0.120944,-0.000984413,0.66192,0.287113,-0.106802,-0.31014,0.397085,-0.856709,0.530411,1.28826,-2.29021,-2.55403,1.26017,-2.3013,-2.35391,0.744591,-0.692005,-0.100451,-0.0668177,0.446758,0.712917,-0.208166,1
1.38001,-0.918353,-2.1329,-1.13388,2.54476,1.95085,-0.737429,1.34961,-0.888815,-2.11492,-1.11449,2.5258,1.92367,-0.729709,1.30393,-0.848238,-2.11729,-1.12423,2.49955,1.88026,-0.711172,0.833576,-0.873058,0.00538216,-0.0480896,0.612976,0.792185,-0.374997,0.833576,-0.873058,0.00538216,-0.0480896,0.612976,0.792185,-0.374997,0.119114,-0.586125,0.745197,0.738363,-0.122922,-0.00876312,0.663048,0.362914,-0.185602,-0.602113,0.409095,-0.878608,0.503379,1.14603,-2.08961,-2.57945,1.24999,-2.2855,-2.44907,0.760823,-0.701151,-0.156096,-0.0965494,0.452073,0.705893,-0.262564,1
1.39065,-0.926664,-2.13385,-1.13242,2.55071,1.96051,-0.744256,1.36049,-0.898159,-2.11898,-1.1172,2.53192,1.93383,-0.730949,1.31353,-0.857342,-2.1166,-1.12275,2.50552,1.88941,-0.715632,0.87996,-0.834756,0.0633507,0.135629,0.546902,0.839399,-0.408934,0.87996,-0.834756,0.0633507,0.135629,0.546902,0.839399,-0.408934,0.121868,-0.587935,0.740041,0.737233,-0.125431,-0.0160357,0.6637,0.368069,-0.150111,-0.507931,0.421375,-0.900608,0.475753,1.23912,-2.22006,-2.78779,1.24303,-2.26761,-2.53615,0.771181,-0.693221,-0.172498,-0.0967249,0.451966,0.710923,-0.286236,1
1.40097,-0.935769,-2.13658,-1.13188,2.5557,1.97054,-0.749703,1.37045,-0.907942,-2.12512,-1.12426,2.53821,1.9429,-0.73309,1.32375,-0.866264,-2.11612,-1.12041,2.51126,1.89912,-0.719623,0.9377,-0.818007,0.0437259,0.214532,0.52709,0.890437,-0.36587,0.9377,-0.818007,0.0437259,0.214532,0.52709,0.890437,-0.36587,0.124735,-0.58943,0.735384,0.736038,-0.128729,-0.0228885,0.664194,0.3897,-0.131611,-0.482712,0.43507,-0.922805,0.446907,1.36162,-2.2068,-2.86784,1.25512,-2.25026,-2.62715,0.772197,-0.695053,-0.204534,-0.114735,0.444359,0.714147,-0.300804,1
1.41131,-0.945346,-2.13867,-1.13349,2.56189,1.98029,-0.752543,1.38033,-0.917556,-2.13046,-1.12995,2.54435,1.95169,-0.737502,1.33417,-0.875305,-2.11694,-1.1195,2.51712,1.90896,-0.722833,0.954909,-0.828978,-0.0743533,0.0833895,0.536795,0.901902,-0.294374,0.954909,-0.828978,-0.0743533,0.0833895,0.536795,0.901902,-0.294374,0.127893,-0.590882,0.730404,0.734631,-0.131703,-0.0295417,0.664905,0.423484,-0.135393,-0.567897,0.448625,-0.945111,0.417133,1.39598,-2.29724,-3.06627,1.27379,-2.23425,-2.72696,0.771384,-0.700406,-0.217332,-0.139874,0.44769,0.713249,-0.2971,1
1.42109,-0.955328,-2.14332,-1.13804,2.56833,1.98956,-0.7541,1.39054,-0.926852,-2.13401,-1.1323,2.5503,1.96086,-0.743132,1.34445,-0.884557,-2.11926,-1.12085,2.5231,1.91858,-0.725741,0.942871,-0.848271,-0.21276,-0.123636,0.548272,0.882083,-0.266583,0.942871,-0.848271,-0.21276,-0.123636,0.548272,0.882083,-0.266583,0.131438,-0.592479,0.724493,0.733101,-0.133376,-0.0361364,0.665934,0.456702,-0.143962,-0.686409,0.461772,-0.968142,0.386369,1.25495,-2.19843,-2.9366,1.29233,-2.22915,-2.82839,0.76638,-0.707718,-0.240659,-0.171887,0.452312,0.709765,-0.283596,1
1.43101,-0.964954,-2.14807,-1.14344,2.57438,1.99877,-0.75604,1.40087,-0.936101,-2.13675,-1.13331,2.55615,1.97042,-0.748112,1.35462,-0.893911,-2.12243,-1.12343,2.52912,1.92797,-0.729075,0.932467,-0.857678,-0.291118,-0.236609,0.552319,0.860437,-0.305692,0.932467,-0.857678,-0.291118,-0.236609,0.552319,0.860437,-0.305692,0.135293,-0.594187,0.717773,0.731669,-0.133808,-0.0427144,0.667032,0.47579,-0.143225,-0.75202,0.474683,-0.99017,0.354488,1.35255,-2.30763,-3.33978,1.30499,-2.22841,-2.93002,0.763878,-0.710434,-0.256353,-0.200128,0.452546,0.708077,-0.269654,1
1.4412,-0.974171,-2.15242,-1.14816,2.57995,2.00818,-0.759419,1.41107,-0.945556,-2.13982,-1.13525,2.56208,1.98003,-0.751665,1.3648,-0.903249,-2.12571,-1.12594,2.53513,1.93729,-0.733059,0.933589,-0.856154,-0.30105,-0.230684,0.55038,0.854851,-0.365351,0.933589,-0.856154,-0.30105,-0.230684,0.55038,0.854851,-0.365351,0.139287,-0.59587,0.710766,0.730481,-0.133718,-0.0492741,0.667899,0.480503,-0.133016,-0.755074,0.487416,-1.01361,0.323058,1.28056,-2.35796,-3.16116,1.31529,-2.24815,-3.01439,0.763995,-0.709224,-0.267043,-0.222144,0.448257,0.708874,-0.2636,1
1.45135,-0.983516,-2.15683,-1.15163,2.5854,2.01762,-0.763614,1.42112,-0.95517,-2.14363,-1.13873,2.56813,1.98938,-0.754271,1.37503,-0.912561,-2.12884,-1.12803,2.54108,1.94668,-0.737326,0.93737,-0.853865,-0.286887,-0.191346,0.546393,0.861042,-0.391223,0.93737,-0.853865,-0.286887,-0.191346,0.546393,0.861042,-0.391223,0.143308,-0.597439,0.703807,0.72949,-0.133637,-0.055803,0.668485,0.480685,-0.120219,-0.741162,0.500294,-1.03691,0.289274,1.30214,-2.35509,-3.41589,1.31253,-2.26991,-3.10636,0.763177,-0.709548,-0.279862,-0.235986,0.443172,0.709401,-0.262872,1
1.46141,-0.993101,-2.16146,-1.15477,2.59151,2.02708,-0.767864,1.43114,-0.964744,-2.14794,-1.14311,2.5741,1.99794,-0.756845,1.38524,-0.921914,-2.13196,-1.13008,2.54704,1.95613,-0.741391,0.936668,-0.857564,-0.285376,-0.187512,0.545824,0.866764,-0.372663,0.936668,-0.857564,-0.285376,-0.187512,0.545824,0.866764,-0.372663,0.14735,-0.598895,0.696877,0.72854,-0.133591,-0.0623018,0.668955,0.484456,-0.109039,-0.745792,0.513117,-1.05831,0.253321,1.22985,-2.05293,-3.44818,1.29686,-2.26995,-3.21353,0.761713,-0.711865,-0.295044,-0.246979,0.444687,0.709483,-0.26473,1
1.46996,-1.00175,-2.16582,-1.16096,2.59808,2.035,-0.772909,1.44118,-0.97419,-2.15242,-1.14751,2.57992,2.00463,-0.760007,1.39411,-0.930092,-2.13477,-1.13208,2.55223,1.96434,-0.744703,0.979767,-0.909613,-0.32125,-0.241435,0.576808,0.908203,-0.347042,0.979767,-0.909613,-0.32125,-0.241435,0.576808,0.908203,-0.347042,0.150811,-0.600045,0.690977,0.727731,-0.133494,-0.0677838,0.669322,0.350493,-0.0706574,-0.536495,0.525473,-1.08065,0.218832,1.30928,-2.36662,-3.65467,1.28158,-2.26315,-3.3079,0.758536,-0.716589,-0.310467,-0.288869,0.458462,0.706601,-0.282057,1
1.48069,-1.01149,-2.16966,-1.16217,2.60377,2.04491,-0.774485,1.45115,-0.983538,-2.15689,-1.15161,2.58573,2.00861,-0.763809,1.4046,-0.939915,-2.1385,-1.1352,2.55843,1.97387,-0.748145,0.962455,-0.900588,-0.342402,-0.286764,0.568465,0.873141,-0.315567,0.962455,-0.900588,-0.342402,-0.286764,0.568465,0.873141,-0.315567,0.155246,-0.601421,0.683336,0.726539,-0.132784,-0.0745058,0.670044,0.525425,-0.0926957,-0.827635,0.537838,-1.10344,0.181454,1.2399,-2.28538,-3.74792,1.26957,-2.25549,-3.41355,0.760883,-0.715791,-0.311577,-0.26963,0.453351,0.710446,-0.263394,1
1.49062,-1.0213,-2.17539,-1.1672,2.61033,2.05369,-0.776693,1.46095,-0.992832,-2.16133,-1.15558,2.59171,2.01021,-0.767832,1.41497,-0.949631,-2.14245,-1.13869,2.56452,1.98259,-0.751508,0.950658,-0.890791,-0.361697,-0.319768,0.558384,0.79959,-0.308276,0.950658,-0.890791,-0.361697,-0.319768,0.558384,0.79959,-0.308276,0.159804,-0.602722,0.675591,0.725333,-0.131489,-0.0810865,0.670841,0.535781,-0.0829636,-0.836576,0.550937,-1.12556,0.144093,1.2718,-2.14753,-3.62739,1.2671,-2.24837,-3.51727,0.756459,-0.716659,-0.329445,-0.285127,0.458096,0.711007,-0.251858,1
1.50052,-1.03108,-2.18113,-1.17307,2.617,2.06109,-0.778297,1.47069,-1.00216,-2.16578,-1.15949,2.59784,2.01059,-0.771453,1.42523,-0.959242,-2.14654,-1.14235,2.57053,1.98996,-0.754995,0.940296,-0.881242,-0.375337,-0.335791,0.55118,0.676299,-0.319718,0.940296,-0.881242,-0.375337,-0.335791,0.55118,0.676299,-0.319718,0.164515,-0.604008,0.667818,0.724199,-0.129439,-0.0875518,0.671652,0.547028,-0.0800608,-0.836946,0.56286,-1.14697,0.107439,1.17783,-2.11522,-3.6211,1.25836,-2.22316,-3.60388,0.752864,-0.718332,-0.345859,-0.307122,0.464628,0.711257,-0.233024,1
