lin_vel_X,lin_vel_Y,lin_vel_Z
-3.109862154815346003e-05,-3.085823846049606800e-05,3.934453616238897666e-06
7.053807166812475771e-06,5.234115633356850594e-06,-9.813092219701502472e-06
-2.734198278631083667e-05,-1.796051583369262516e-05,2.974157359858509153e-05
-9.042125384439714253e-06,-5.565716946875909343e-06,1.731944212224334478e-05
-1.867214217782020569e-02,-1.001475099474191666e-02,3.059117496013641357e-02
9.736565873026847839e-03,2.591394260525703430e-02,2.224869281053543091e-02
5.198769271373748779e-02,8.674949407577514648e-02,5.529965739697217941e-03
8.888141810894012451e-02,1.547239273786544800e-01,-1.439970172941684723e-02
1.244800388813018799e-01,2.230866253376007080e-01,-5.082810297608375549e-02
1.606032401323318481e-01,2.777012586593627930e-01,-1.034214049577713013e-01
1.885239630937576294e-01,3.121190965175628662e-01,-1.738727986812591553e-01
2.088659554719924927e-01,3.255849480628967285e-01,-2.359849214553833008e-01
2.183437049388885498e-01,3.230078816413879395e-01,-2.803776562213897705e-01
2.204450815916061401e-01,3.103295862674713135e-01,-3.182957768440246582e-01
2.278981059789657593e-01,3.141399621963500977e-01,-3.402375876903533936e-01
2.400733530521392822e-01,3.314158916473388672e-01,-3.506242036819458008e-01
2.538002729415893555e-01,3.524273335933685303e-01,-3.604780137538909912e-01
2.601104974746704102e-01,3.664971292018890381e-01,-3.682988286018371582e-01
2.565581202507019043e-01,3.781979680061340332e-01,-3.533927798271179199e-01
2.581547200679779053e-01,3.988428115844726562e-01,-3.302239775657653809e-01
2.747775912284851074e-01,4.314258694648742676e-01,-3.183104395866394043e-01
2.864652276039123535e-01,4.557844400405883789e-01,-3.122587800025939941e-01
2.793784141540527344e-01,4.551191329956054688e-01,-3.253434896469116211e-01
2.535296976566314697e-01,4.331407845020294189e-01,-3.259374201297760010e-01
2.290346175432205200e-01,4.172660112380981445e-01,-3.118903040885925293e-01
2.236760556697845459e-01,4.293993711471557617e-01,-2.946000099182128906e-01
2.273069322109222412e-01,4.581547975540161133e-01,-2.520566284656524658e-01
2.337170094251632690e-01,4.920740127563476562e-01,-2.044250071048736572e-01
2.285678088665008545e-01,5.174200534820556641e-01,-1.436488032341003418e-01
2.106890827417373657e-01,5.325755476951599121e-01,-6.245821341872215271e-02
1.954996883869171143e-01,5.533559918403625488e-01,2.562376670539379120e-02
1.830773204565048218e-01,5.783941745758056641e-01,1.064391508698463440e-01
1.647126823663711548e-01,5.871246457099914551e-01,1.696204394102096558e-01
1.294907927513122559e-01,5.797022581100463867e-01,2.557644248008728027e-01
9.188506007194519043e-02,5.706072449684143066e-01,3.367495238780975342e-01
8.016684651374816895e-02,5.858964920043945312e-01,4.004147052764892578e-01
1.050179004669189453e-01,6.297621726989746094e-01,3.968465924263000488e-01
1.185325011610984802e-01,6.668413877487182617e-01,4.095354080200195312e-01
1.054244861006736755e-01,6.636710762977600098e-01,4.218381047248840332e-01
8.133000135421752930e-02,6.350432634353637695e-01,3.986146152019500732e-01
6.748639047145843506e-02,6.164929270744323730e-01,3.696310222148895264e-01
7.415966689586639404e-02,6.306948661804199219e-01,3.539802432060241699e-01
8.531058579683303833e-02,6.657155752182006836e-01,3.474674820899963379e-01
8.217497915029525757e-02,6.812352538108825684e-01,3.472641408443450928e-01
5.676700174808502197e-02,6.759415864944458008e-01,3.743083477020263672e-01
1.561873592436313629e-02,6.630471348762512207e-01,4.139001667499542236e-01
-2.553023397922515869e-02,6.415318846702575684e-01,4.474549293518066406e-01
-7.175920158624649048e-02,6.192319989204406738e-01,4.950127005577087402e-01
-1.000524088740348816e-01,6.220442652702331543e-01,5.364646911621093750e-01
-1.039850264787673950e-01,6.510451436042785645e-01,5.733587145805358887e-01
-1.073825806379318237e-01,6.826146841049194336e-01,5.978230834007263184e-01
-1.212099865078926086e-01,6.839780807495117188e-01,6.147561669349670410e-01
-1.475134193897247314e-01,6.717068552970886230e-01,6.309771537780761719e-01
-1.638605743646621704e-01,6.567070484161376953e-01,6.126561760902404785e-01
-1.761989444494247437e-01,6.334726810455322266e-01,5.833039283752441406e-01
-1.969160437583923340e-01,6.037375330924987793e-01,5.612218379974365234e-01
-2.120639085769653320e-01,5.889362096786499023e-01,5.610010027885437012e-01
-2.156489640474319458e-01,6.176563501358032227e-01,5.786879062652587891e-01
-2.042411267757415771e-01,6.573283672332763672e-01,5.753102898597717285e-01
-2.146426737308502197e-01,6.578090190887451172e-01,5.755318403244018555e-01
-2.488417029380798340e-01,6.325374841690063477e-01,5.824676156044006348e-01
-2.804173827171325684e-01,6.056333184242248535e-01,6.004212498664855957e-01
-3.025965392589569092e-01,6.064534187316894531e-01,6.232076287269592285e-01
-3.017154335975646973e-01,6.174653768539428711e-01,6.140038967132568359e-01
-3.021278977394104004e-01,6.374686956405639648e-01,6.118134856224060059e-01
-3.086192309856414795e-01,6.611093878746032715e-01,6.237466931343078613e-01
-3.230552673339843750e-01,6.603084802627563477e-01,6.351192593574523926e-01
-3.531644344329833984e-01,6.273112297058105469e-01,6.281996965408325195e-01
-3.736073374748229980e-01,5.855944752693176270e-01,6.082516908645629883e-01
-3.882958889007568359e-01,5.782275199890136719e-01,6.074830293655395508e-01
-3.899211287498474121e-01,5.972642898559570312e-01,6.088597178459167480e-01
-3.943237364292144775e-01,6.090509295463562012e-01,6.100027561187744141e-01
-4.007604122161865234e-01,6.144706606864929199e-01,5.979297757148742676e-01
-4.102897644042968750e-01,6.087508201599121094e-01,5.968625545501708984e-01
-4.397415816783905029e-01,5.890002250671386719e-01,6.015768051147460938e-01
-4.700563848018646240e-01,5.479896664619445801e-01,6.040936112403869629e-01
-4.937010109424591064e-01,5.285279154777526855e-01,6.022801399230957031e-01
-4.979689717292785645e-01,5.456173419952392578e-01,6.009222865104675293e-01
-5.008756518363952637e-01,5.680606961250305176e-01,6.075842976570129395e-01
-5.274453163146972656e-01,5.566567182540893555e-01,6.170263886451721191e-01
-5.437334775924682617e-01,5.322067737579345703e-01,6.114984154701232910e-01
-5.584577322006225586e-01,5.170974135398864746e-01,6.010454297065734863e-01
-5.725092887878417969e-01,4.946603477001190186e-01,5.979387760162353516e-01
-5.974038243293762207e-01,4.694741964340209961e-01,5.971065759658813477e-01
-6.116603016853332520e-01,4.294016063213348389e-01,5.790579915046691895e-01
-6.228119134902954102e-01,3.736203014850616455e-01,5.583083033561706543e-01
-6.383466720581054688e-01,3.005333840847015381e-01,5.409677624702453613e-01
-6.569567918777465820e-01,2.132806330919265747e-01,5.256050825119018555e-01
-6.552496552467346191e-01,1.402499377727508545e-01,4.966119527816772461e-01
-6.345552802085876465e-01,7.476496696472167969e-02,4.646737873554229736e-01
-6.219612360000610352e-01,3.524141386151313782e-02,4.389807283878326416e-01
-5.927646756172180176e-01,1.849165745079517365e-02,4.230755269527435303e-01
-5.672050714492797852e-01,-5.976973567157983780e-03,3.963593542575836182e-01
-5.411237478256225586e-01,-3.687176108360290527e-02,3.654319345951080322e-01
-5.136612057685852051e-01,-4.289920628070831299e-02,3.427133560180664062e-01
-4.701649546623229980e-01,-4.295682534575462341e-02,3.122004568576812744e-01
-4.088335037231445312e-01,-5.865202471613883972e-02,2.786821126937866211e-01
-3.403070569038391113e-01,-7.795478403568267822e-02,2.534109652042388916e-01
-2.638635337352752686e-01,-1.138492822647094727e-01,2.287278324365615845e-01
-1.822224110364913940e-01,-1.709408909082412720e-01,1.857317239046096802e-01
-9.379951655864715576e-02,-2.311414480209350586e-01,1.249127686023712158e-01
-2.696898393332958221e-02,-2.952640652656555176e-01,6.592878699302673340e-02
2.031538635492324829e-02,-3.598752319812774658e-01,3.236926160752773285e-03
4.632386565208435059e-02,-4.096470177173614502e-01,-5.724234879016876221e-02
4.796982184052467346e-02,-4.388285875320434570e-01,-9.969154745340347290e-02
3.791531920433044434e-02,-4.394218921661376953e-01,-1.290087252855300903e-01
3.143262863159179688e-02,-4.056543409824371338e-01,-1.397073417901992798e-01
1.265710964798927307e-02,-3.770493865013122559e-01,-1.265165358781814575e-01
-1.659989170730113983e-02,-3.705565035343170166e-01,-9.443879872560501099e-02
-4.267087206244468689e-02,-4.026843905448913574e-01,-5.922610685229301453e-02
-7.427644729614257812e-02,-4.599973261356353760e-01,-2.925680205225944519e-02
-9.050489962100982666e-02,-5.172936320304870605e-01,-8.804929442703723907e-03
-9.691255539655685425e-02,-5.592092275619506836e-01,-1.540899742394685745e-03
-8.269575238227844238e-02,-5.940768718719482422e-01,-2.281177975237369537e-02
-5.986734479665756226e-02,-6.224491596221923828e-01,-6.563222408294677734e-02
-3.464944288134574890e-02,-6.458232998847961426e-01,-1.041483953595161438e-01
-1.198199857026338577e-02,-6.708709001541137695e-01,-1.466198712587356567e-01
1.002465840429067612e-02,-6.997017860412597656e-01,-1.927056163549423218e-01
2.100621163845062256e-02,-7.352760434150695801e-01,-2.306862622499465942e-01
2.838380448520183563e-02,-7.647440433502197266e-01,-2.642653286457061768e-01
3.567284718155860901e-02,-7.760534286499023438e-01,-2.827689051628112793e-01
3.822064399719238281e-02,-7.648815512657165527e-01,-2.822558879852294922e-01
4.096109047532081604e-02,-7.502074837684631348e-01,-2.791565358638763428e-01
3.296443447470664978e-02,-7.465681433677673340e-01,-2.746751606464385986e-01
2.832877449691295624e-02,-7.544327974319458008e-01,-2.764469683170318604e-01
1.872991956770420074e-02,-7.623504996299743652e-01,-2.721099257469177246e-01
1.161190960556268692e-02,-7.685594558715820312e-01,-2.711043953895568848e-01
1.443698070943355560e-02,-7.804564833641052246e-01,-2.865593731403350830e-01
1.929400116205215454e-02,-7.958477735519409180e-01,-3.045061528682708740e-01
3.060542419552803040e-02,-8.073140978813171387e-01,-3.294010758399963379e-01
3.221200779080390930e-02,-8.177083730697631836e-01,-3.448056876659393311e-01
3.648323565721511841e-02,-8.261906504631042480e-01,-3.580892384052276611e-01
4.150786995887756348e-02,-8.270260095596313477e-01,-3.722567856311798096e-01
4.889391735196113586e-02,-8.298177719116210938e-01,-3.940505683422088623e-01
4.509362578392028809e-02,-8.404821157455444336e-01,-4.044267535209655762e-01
3.215105086565017700e-02,-8.607515692710876465e-01,-4.118063747882843018e-01
2.074854820966720581e-02,-8.840939402580261230e-01,-4.293604791164398193e-01
1.971076056361198425e-02,-8.897424936294555664e-01,-4.435545802116394043e-01
1.902382634580135345e-02,-8.758506178855895996e-01,-4.383437633514404297e-01
1.343800127506256104e-02,-8.627723455429077148e-01,-4.357801675796508789e-01
1.519188936799764633e-02,-8.663971424102783203e-01,-4.477049708366394043e-01
8.683445863425731659e-03,-8.780881762504577637e-01,-4.655054509639739990e-01
-7.817017845809459686e-03,-8.911901712417602539e-01,-4.653681516647338867e-01
-1.642349176108837128e-02,-8.932416439056396484e-01,-4.659411013126373291e-01
-1.723998971283435822e-02,-8.910025954246520996e-01,-4.804649353027343750e-01
-8.086002431809902191e-03,-8.934249281883239746e-01,-5.033907294273376465e-01
-2.203060127794742584e-02,-9.009790420532226562e-01,-5.046253800392150879e-01
-3.804635629057884216e-02,-9.117610454559326172e-01,-5.072467327117919922e-01
-3.252451866865158081e-02,-9.132622480392456055e-01,-5.242449641227722168e-01
-2.182410657405853271e-02,-8.939707279205322266e-01,-5.409393906593322754e-01
-1.454742066562175751e-02,-8.771023750305175781e-01,-5.393844246864318848e-01
-2.044886909425258636e-02,-8.747845292091369629e-01,-5.464975237846374512e-01
-2.337109483778476715e-02,-8.824784755706787109e-01,-5.706154704093933105e-01
-2.138331905007362366e-02,-8.745587468147277832e-01,-5.747662186622619629e-01
-2.852122671902179718e-02,-8.474481105804443359e-01,-5.544514060020446777e-01
-4.144705086946487427e-02,-8.443184494972229004e-01,-5.392743945121765137e-01
-8.179637789726257324e-02,-8.585099577903747559e-01,-5.148301720619201660e-01
-1.207682341337203979e-01,-8.567045331001281738e-01,-4.643155336380004883e-01
-1.423560678958892822e-01,-8.209092617034912109e-01,-3.964659273624420166e-01
-1.662757545709609985e-01,-7.778607010841369629e-01,-3.297694623470306396e-01
-2.050828784704208374e-01,-7.532480955123901367e-01,-2.688542902469635010e-01
-2.559674978256225586e-01,-7.181909084320068359e-01,-2.239921391010284424e-01
-3.131999969482421875e-01,-6.545833349227905273e-01,-1.472085118293762207e-01
-3.643133640289306641e-01,-5.720945596694946289e-01,-6.904447823762893677e-02
-4.338007867336273193e-01,-5.177373290061950684e-01,-5.707042757421731949e-03
-5.001454949378967285e-01,-4.759528934955596924e-01,5.197369307279586792e-02
-4.989120364189147949e-01,-4.184460937976837158e-01,5.281595140695571899e-02
-4.915525615215301514e-01,-3.753368556499481201e-01,6.573668867349624634e-02
-4.873801767826080322e-01,-3.683607876300811768e-01,6.455773115158081055e-02
-4.713552296161651611e-01,-3.726771175861358643e-01,5.278702452778816223e-02
-4.294122755527496338e-01,-3.572339117527008057e-01,4.004218056797981262e-02
-3.928686380386352539e-01,-3.410636484622955322e-01,2.625941485166549683e-02
-3.897798359394073486e-01,-3.383484482765197754e-01,2.065230906009674072e-02
-4.035718739032745361e-01,-3.263460397720336914e-01,2.389855124056339264e-02
-4.342562854290008545e-01,-3.028296530246734619e-01,5.039324983954429626e-02
-4.853633046150207520e-01,-2.931914925575256348e-01,8.365934342145919800e-02
-5.369344949722290039e-01,-2.882061898708343506e-01,1.130430325865745544e-01
-5.700131058692932129e-01,-2.792153954505920410e-01,1.429023295640945435e-01
-5.928961038589477539e-01,-2.697146832942962646e-01,1.702714115381240845e-01
-6.110104918479919434e-01,-2.681837081909179688e-01,1.916884034872055054e-01
-6.249082684516906738e-01,-2.652115523815155029e-01,2.079761028289794922e-01
-6.323583126068115234e-01,-2.633276283740997314e-01,2.153467535972595215e-01
-6.479930281639099121e-01,-2.756992578506469727e-01,2.119635194540023804e-01
-6.749650239944458008e-01,-2.990690469741821289e-01,1.980765908956527710e-01
-6.791304349899291992e-01,-3.129819631576538086e-01,1.743875741958618164e-01
-6.650153398513793945e-01,-3.005080223083496094e-01,1.597742885351181030e-01
-6.615760922431945801e-01,-2.961219847202301025e-01,1.522056311368942261e-01
-6.857377290725708008e-01,-3.028445839881896973e-01,1.543394029140472412e-01
-7.135785818099975586e-01,-3.010901212692260742e-01,1.714671254158020020e-01
-7.363960742950439453e-01,-2.962887883186340332e-01,1.879287660121917725e-01
-7.648582458496093750e-01,-3.037565946578979492e-01,1.908190101385116577e-01
-7.898531556129455566e-01,-3.123350143432617188e-01,1.867377609014511108e-01
-8.071758151054382324e-01,-3.128313124179840088e-01,1.858745664358139038e-01
-8.251170516014099121e-01,-3.099617660045623779e-01,1.939735263586044312e-01
-8.449071049690246582e-01,-3.088105320930480957e-01,2.035246044397354126e-01
-8.452568054199218750e-01,-3.012854754924774170e-01,1.967289596796035767e-01
-8.343316912651062012e-01,-2.859763801097869873e-01,1.894669681787490845e-01
-8.255160450935363770e-01,-2.768162190914154053e-01,1.813667267560958862e-01
-8.320578336715698242e-01,-2.733505070209503174e-01,1.822035461664199829e-01
-8.316364288330078125e-01,-2.628158628940582275e-01,1.809790730476379395e-01
-8.164669275283813477e-01,-2.511697113513946533e-01,1.665866374969482422e-01
-8.206167817115783691e-01,-2.460719794034957886e-01,1.647230386734008789e-01
-8.410879969596862793e-01,-2.494406849145889282e-01,1.644961982965469360e-01
-8.689305782318115234e-01,-2.559557557106018066e-01,1.633150130510330200e-01
-8.725135922431945801e-01,-2.538893818855285645e-01,1.532610356807708740e-01
-8.788151144981384277e-01,-2.517712712287902832e-01,1.490636616945266724e-01
-8.998340964317321777e-01,-2.590897679328918457e-01,1.392663717269897461e-01
-9.180724620819091797e-01,-2.607505917549133301e-01,1.384947448968887329e-01
-9.185807108879089355e-01,-2.518084645271301270e-01,1.355771571397781372e-01
-9.058291316032409668e-01,-2.407870292663574219e-01,1.210995540022850037e-01
-9.105861783027648926e-01,-2.347144335508346558e-01,1.188853159546852112e-01
-9.266541004180908203e-01,-2.321466505527496338e-01,1.248362213373184204e-01
-9.247808456420898438e-01,-2.302079498767852783e-01,1.059756502509117126e-01
-9.148063063621520996e-01,-2.368184775114059448e-01,7.210373878479003906e-02
-9.194965362548828125e-01,-2.482618689537048340e-01,4.675628989934921265e-02
-9.261127710342407227e-01,-2.586387693881988525e-01,1.568976044654846191e-02
-9.047740697860717773e-01,-2.752427756786346436e-01,-4.310459643602371216e-02
-8.678769469261169434e-01,-2.931852042675018311e-01,-1.140663176774978638e-01
-8.528645634651184082e-01,-3.120738565921783447e-01,-1.753671765327453613e-01
-8.389346003532409668e-01,-3.364748060703277588e-01,-2.407252490520477295e-01
-8.055549860000610352e-01,-3.676252067089080811e-01,-3.105207979679107666e-01
-7.561640143394470215e-01,-3.970646560192108154e-01,-3.650991022586822510e-01
-7.201281785964965820e-01,-4.497127532958984375e-01,-4.147910177707672119e-01
-7.138462662696838379e-01,-5.235487818717956543e-01,-4.569174349308013916e-01
-7.146509289741516113e-01,-5.860680937767028809e-01,-4.776316583156585693e-01
-7.038537859916687012e-01,-6.210733652114868164e-01,-4.701960980892181396e-01
-7.104866504669189453e-01,-6.559544801712036133e-01,-4.596521258354187012e-01
-7.537149190902709961e-01,-6.975503563880920410e-01,-4.619868397712707520e-01
-8.177679777145385742e-01,-7.164588570594787598e-01,-4.458431601524353027e-01
-8.483700156211853027e-01,-6.951551437377929688e-01,-4.176883697509765625e-01
-8.563452959060668945e-01,-6.661648750305175781e-01,-4.021293520927429199e-01
-8.715232014656066895e-01,-6.590566635131835938e-01,-4.134715795516967773e-01
-8.774693608283996582e-01,-6.629901528358459473e-01,-4.353163838386535645e-01
-8.490062952041625977e-01,-6.714637875556945801e-01,-4.597532451152801514e-01
-8.095769882202148438e-01,-6.912282109260559082e-01,-4.967119097709655762e-01
-7.660971283912658691e-01,-7.117775082588195801e-01,-5.322555899620056152e-01
-7.165777087211608887e-01,-7.222588062286376953e-01,-5.616105794906616211e-01
-6.728158593177795410e-01,-7.264115810394287109e-01,-5.932118296623229980e-01
-6.531609296798706055e-01,-7.255920171737670898e-01,-6.173990368843078613e-01
-6.600109934806823730e-01,-7.147293686866760254e-01,-6.265376210212707520e-01
-6.764071583747863770e-01,-7.032887339591979980e-01,-6.293950676918029785e-01
-6.908580064773559570e-01,-6.894546151161193848e-01,-6.340655684471130371e-01
-7.139953970909118652e-01,-6.806806325912475586e-01,-6.322405338287353516e-01
-7.635810971260070801e-01,-6.800636649131774902e-01,-6.238880753517150879e-01
-8.017317652702331543e-01,-6.874784827232360840e-01,-6.399069428443908691e-01
-8.056786656379699707e-01,-6.932246685028076172e-01,-6.660233139991760254e-01
-7.875036001205444336e-01,-6.915738582611083984e-01,-6.906708478927612305e-01
-7.739908099174499512e-01,-6.900770068168640137e-01,-7.075258493423461914e-01
-7.783660292625427246e-01,-6.848434805870056152e-01,-7.098096609115600586e-01
-7.685319781303405762e-01,-6.820234656333923340e-01,-7.213566899299621582e-01
-7.591469287872314453e-01,-6.849490404129028320e-01,-7.421113848686218262e-01
-7.610673904418945312e-01,-6.919375658035278320e-01,-7.765687704086303711e-01
-7.754216194152832031e-01,-6.995825171470642090e-01,-7.998158931732177734e-01
-7.846899628639221191e-01,-6.934635639190673828e-01,-8.084547519683837891e-01
-7.968307137489318848e-01,-6.891952157020568848e-01,-8.311476707458496094e-01
-8.217785954475402832e-01,-6.861042976379394531e-01,-8.551754355430603027e-01
-8.483273983001708984e-01,-6.723023056983947754e-01,-8.631891012191772461e-01
-8.659293651580810547e-01,-6.368643045425415039e-01,-8.480325937271118164e-01
-8.626150488853454590e-01,-5.862134099006652832e-01,-8.467755913734436035e-01
-8.743768930435180664e-01,-5.267857313156127930e-01,-8.512803912162780762e-01
-8.942551612854003906e-01,-4.616307020187377930e-01,-8.501453399658203125e-01
-8.963122367858886719e-01,-3.918566703796386719e-01,-8.333064913749694824e-01
-8.643030524253845215e-01,-3.309594392776489258e-01,-8.359736204147338867e-01
-8.061931729316711426e-01,-2.801901698112487793e-01,-8.478523492813110352e-01
-7.396634221076965332e-01,-2.409870177507400513e-01,-8.475067019462585449e-01
-6.801764369010925293e-01,-2.140423208475112915e-01,-8.127760887145996094e-01
-6.140524744987487793e-01,-1.946687102317810059e-01,-7.678431272506713867e-01
-5.403812527656555176e-01,-1.829936802387237549e-01,-7.195579409599304199e-01
-4.669288098812103271e-01,-1.669625937938690186e-01,-6.514799594879150391e-01
-4.251032173633575439e-01,-1.416388899087905884e-01,-5.552424192428588867e-01
-4.476005434989929199e-01,-1.207947209477424622e-01,-4.632045924663543701e-01
-4.869725406169891357e-01,-1.069805622100830078e-01,-3.966996371746063232e-01
-5.170915126800537109e-01,-9.782985597848892212e-02,-3.373571038246154785e-01
-5.337027907371520996e-01,-8.753411471843719482e-02,-2.531267404556274414e-01
-5.384337902069091797e-01,-7.349739968776702881e-02,-1.576723903417587280e-01
-5.538928508758544922e-01,-7.690060138702392578e-02,-8.814936131238937378e-02
-5.387105345726013184e-01,-9.490410983562469482e-02,-1.020923703908920288e-01
-4.922276139259338379e-01,-1.038073077797889709e-01,-8.765145391225814819e-02
-4.192548096179962158e-01,-8.369503170251846313e-02,-2.694518119096755981e-02
-3.549073934555053711e-01,-6.926565617322921753e-02,-9.524947963654994965e-03
-2.910343110561370850e-01,-6.213555112481117249e-02,-4.094897210597991943e-02
-2.072874158620834351e-01,-4.442726448178291321e-02,-5.352230370044708252e-02
-1.350809484720230103e-01,-1.756119541823863983e-02,-3.144808858633041382e-02
-1.067013144493103027e-01,-1.586125581525266171e-03,-3.546284511685371399e-02
-1.210731789469718933e-01,1.550002722069621086e-03,-7.571078091859817505e-02
-1.236232444643974304e-01,-5.863816943019628525e-03,-1.442526280879974365e-01
-9.915725141763687134e-02,-1.559882611036300659e-02,-2.096282839775085449e-01
-5.898031592369079590e-02,-2.232787199318408966e-02,-2.784611880779266357e-01
-9.843837469816207886e-03,-1.688578352332115173e-02,-3.316079676151275635e-01
4.555902257561683655e-02,-1.850955188274383545e-03,-3.639357984066009521e-01
1.034014374017715454e-01,1.543636247515678406e-02,-3.985555768013000488e-01
1.514072716236114502e-01,3.609736263751983643e-02,-4.223709702491760254e-01
1.734174489974975586e-01,4.982933029532432556e-02,-4.287940561771392822e-01
1.797474920749664307e-01,5.706321448087692261e-02,-4.421542584896087646e-01
1.836379617452621460e-01,5.649547278881072998e-02,-4.693270325660705566e-01
1.768661886453628540e-01,5.232619494199752808e-02,-4.822581708431243896e-01
1.489724367856979370e-01,5.210571736097335815e-02,-4.571469724178314209e-01
1.171593070030212402e-01,4.846753552556037903e-02,-4.421877861022949219e-01
1.089111715555191040e-01,3.439239412546157837e-02,-4.533473551273345947e-01
1.293582022190093994e-01,2.256637252867221832e-02,-4.714341163635253906e-01
1.733119189739227295e-01,1.540701277554035187e-02,-4.896144270896911621e-01
2.338911443948745728e-01,1.492964476346969604e-02,-4.996128380298614502e-01
2.935594916343688965e-01,2.567663602530956268e-02,-5.021130442619323730e-01
3.416278064250946045e-01,3.800983726978302002e-02,-5.135665535926818848e-01
3.831694722175598145e-01,5.119225010275840759e-02,-5.195957422256469727e-01
4.193777740001678467e-01,7.187945395708084106e-02,-5.231957435607910156e-01
4.471092224121093750e-01,9.210834652185440063e-02,-5.279619693756103516e-01
4.520671963691711426e-01,1.081806793808937073e-01,-5.286312103271484375e-01
4.407651126384735107e-01,1.239119321107864380e-01,-5.273613929748535156e-01
4.163998663425445557e-01,1.329336166381835938e-01,-5.155219435691833496e-01
3.971073627471923828e-01,1.392108350992202759e-01,-5.150860548019409180e-01
3.774110078811645508e-01,1.397596746683120728e-01,-5.324380397796630859e-01
3.834091424942016602e-01,1.414724290370941162e-01,-5.454859137535095215e-01
4.007621407508850098e-01,1.547977626323699951e-01,-5.202491879463195801e-01
4.286148846149444580e-01,1.639760732650756836e-01,-5.037924051284790039e-01
4.439383149147033691e-01,1.606943309307098389e-01,-5.213901400566101074e-01
4.454080462455749512e-01,1.594072431325912476e-01,-5.500269532203674316e-01
4.317770898342132568e-01,1.537722051143646240e-01,-5.558379888534545898e-01
4.045031368732452393e-01,1.534710824489593506e-01,-5.442960262298583984e-01
3.887410759925842285e-01,1.585049629211425781e-01,-5.392245054244995117e-01
3.805727958679199219e-01,1.635745912790298462e-01,-5.275747179985046387e-01
3.632992208003997803e-01,1.685847491025924683e-01,-5.135454535484313965e-01
3.407404720783233643e-01,1.662439107894897461e-01,-5.035992860794067383e-01
3.171573877334594727e-01,1.649934351444244385e-01,-5.069627761840820312e-01
3.185585141181945801e-01,1.657764464616775513e-01,-5.226138234138488770e-01
3.395120799541473389e-01,1.711145788431167603e-01,-5.103103518486022949e-01
3.611957132816314697e-01,1.863284111022949219e-01,-4.839052855968475342e-01
3.788801133632659912e-01,1.889008581638336182e-01,-4.965685009956359863e-01
3.828432857990264893e-01,1.911832243204116821e-01,-5.257903933525085449e-01
3.748673200607299805e-01,1.879720985889434814e-01,-5.289059281349182129e-01
3.749170601367950439e-01,1.912478804588317871e-01,-5.176001787185668945e-01
3.902221024036407471e-01,2.035776227712631226e-01,-5.143647789955139160e-01
4.049458801746368408e-01,2.111125886440277100e-01,-5.100039243698120117e-01
3.907008469104766846e-01,2.169899940490722656e-01,-4.931962788105010986e-01
3.739821910858154297e-01,2.190291285514831543e-01,-4.945319890975952148e-01
3.642702400684356689e-01,2.162615656852722168e-01,-5.167406201362609863e-01
3.717603385448455811e-01,2.239594012498855591e-01,-5.198236703872680664e-01
3.871705830097198486e-01,2.338294088840484619e-01,-4.905014634132385254e-01
3.878147602081298828e-01,2.447378933429718018e-01,-4.787406325340270996e-01
3.794332146644592285e-01,2.414353042840957642e-01,-5.013433098793029785e-01
3.592586815357208252e-01,2.382007837295532227e-01,-5.015239715576171875e-01
3.640164136886596680e-01,2.428448200225830078e-01,-4.993972182273864746e-01
3.939706683158874512e-01,2.512334585189819336e-01,-5.081325173377990723e-01
4.058921337127685547e-01,2.608077228069305420e-01,-4.985324740409851074e-01
3.984370529651641846e-01,2.616277933120727539e-01,-4.754532873630523682e-01
3.757434189319610596e-01,2.587876021862030029e-01,-4.852956831455230713e-01
3.689584136009216309e-01,2.539220154285430908e-01,-5.112289190292358398e-01
3.755990862846374512e-01,2.510650157928466797e-01,-5.047102570533752441e-01
3.893587291240692139e-01,2.594082951545715332e-01,-4.943434000015258789e-01
4.055990874767303467e-01,2.594300210475921631e-01,-4.976828694343566895e-01
4.018175601959228516e-01,2.505280077457427979e-01,-4.861111342906951904e-01
4.114535450935363770e-01,2.278305739164352417e-01,-4.742313027381896973e-01
4.511180520057678223e-01,1.955044418573379517e-01,-4.735980331897735596e-01
5.002509951591491699e-01,1.513307541608810425e-01,-4.767295122146606445e-01
5.361692905426025391e-01,1.036993190646171570e-01,-4.606563746929168701e-01
5.535049438476562500e-01,5.779380351305007935e-02,-4.459950923919677734e-01
5.678036212921142578e-01,2.047312259674072266e-02,-4.464069008827209473e-01
5.846135616302490234e-01,1.389688812196254730e-03,-4.363740980625152588e-01
6.017931699752807617e-01,7.596645969897508621e-03,-4.276212751865386963e-01
6.106572151184082031e-01,2.906981483101844788e-02,-4.388051033020019531e-01
6.061139106750488281e-01,5.742981657385826111e-02,-4.415980577468872070e-01
5.991343259811401367e-01,9.096892178058624268e-02,-4.239680469036102295e-01
5.996042490005493164e-01,1.167538389563560486e-01,-4.253231585025787354e-01
5.969102382659912109e-01,1.168377995491027832e-01,-4.601877331733703613e-01
5.923277139663696289e-01,9.622448682785034180e-02,-5.000900030136108398e-01
6.019766330718994141e-01,7.511103153228759766e-02,-5.446891188621520996e-01
6.264614462852478027e-01,5.734047666192054749e-02,-5.900304913520812988e-01
6.358147263526916504e-01,4.013315588235855103e-02,-6.107670068740844727e-01
6.262879967689514160e-01,2.405631169676780701e-02,-6.344624161720275879e-01
6.100869178771972656e-01,8.532435633242130280e-03,-6.797796487808227539e-01
5.872026085853576660e-01,-6.213600747287273407e-03,-7.168070673942565918e-01
5.705696940422058105e-01,-7.973941974341869354e-03,-7.320448756217956543e-01
5.618256926536560059e-01,6.283058784902095795e-03,-7.419945001602172852e-01
5.573478937149047852e-01,3.956539183855056763e-02,-7.422884702682495117e-01
5.292121171951293945e-01,7.811074703931808472e-02,-7.217811346054077148e-01
4.766376018524169922e-01,1.163437590003013611e-01,-6.990301609039306641e-01
4.128115177154541016e-01,1.395419836044311523e-01,-6.913367509841918945e-01
3.411881923675537109e-01,1.459272950887680054e-01,-6.695770621299743652e-01
3.011920750141143799e-01,1.633431911468505859e-01,-6.224426031112670898e-01
3.004996776580810547e-01,1.921222358942031860e-01,-5.456175208091735840e-01
3.103542923927307129e-01,2.043180465698242188e-01,-4.504114985466003418e-01
2.959148585796356201e-01,1.802480071783065796e-01,-3.558730781078338623e-01
2.748190462589263916e-01,1.469505429267883301e-01,-2.813975512981414795e-01
2.575741112232208252e-01,1.061229258775711060e-01,-1.854490786790847778e-01
2.389803975820541382e-01,7.073301076889038086e-02,-9.332693368196487427e-02
2.108330577611923218e-01,2.808076329529285431e-02,-3.218070417642593384e-02
2.052300274372100830e-01,1.673421636223793030e-02,-1.711865141987800598e-02
2.164301574230194092e-01,1.819106377661228180e-02,9.119919268414378166e-04
2.033381164073944092e-01,1.635936461389064789e-02,3.486267849802970886e-02
1.695528030395507812e-01,1.197151653468608856e-02,3.625767305493354797e-02
1.296587288379669189e-01,1.483886316418647766e-02,-1.972785592079162598e-02
1.136469319462776184e-01,1.955154351890087128e-02,-9.114614129066467285e-02
1.397823542356491089e-01,3.723330795764923096e-02,-1.494523584842681885e-01
1.849235445261001587e-01,6.885464489459991455e-02,-2.129280865192413330e-01
2.069098949432373047e-01,1.021293774247169495e-01,-2.885740697383880615e-01
1.954202651977539062e-01,1.188731789588928223e-01,-3.626910150051116943e-01
1.785065829753875732e-01,1.393898129463195801e-01,-4.268210232257843018e-01
1.888205409049987793e-01,1.775877475738525391e-01,-4.852103888988494873e-01
2.192645967006683350e-01,2.267244756221771240e-01,-5.395209193229675293e-01
2.287328094244003296e-01,2.617088258266448975e-01,-5.774978399276733398e-01
2.125952988862991333e-01,2.794947028160095215e-01,-5.987409949302673340e-01
1.922759711742401123e-01,2.787171006202697754e-01,-6.156088113784790039e-01
1.910384297370910645e-01,2.665521800518035889e-01,-6.352629065513610840e-01
2.047700136899948120e-01,2.454467415809631348e-01,-6.540997028350830078e-01
2.190115600824356079e-01,2.196884304285049438e-01,-6.879806518554687500e-01
2.348873764276504517e-01,1.946975439786911011e-01,-7.133300304412841797e-01
2.582344114780426025e-01,1.720134317874908447e-01,-6.687490344047546387e-01
2.823924422264099121e-01,1.572810709476470947e-01,-5.919105410575866699e-01
2.956514954566955566e-01,1.447203904390335083e-01,-5.264866352081298828e-01
2.991012632846832275e-01,1.311209201812744141e-01,-4.580558240413665771e-01
2.789716422557830811e-01,9.581889212131500244e-02,-3.766987621784210205e-01
2.497075796127319336e-01,4.269298166036605835e-02,-2.881170511245727539e-01
2.430304735898971558e-01,1.150893885642290115e-02,-2.178593575954437256e-01
2.498098760843276978e-01,-2.225103601813316345e-02,-1.554984748363494873e-01
2.501983344554901123e-01,-6.586696952581405640e-02,-7.710135728120803833e-02
2.573795914649963379e-01,-9.253361076116561890e-02,-1.487018726766109467e-02
2.608809471130371094e-01,-1.158931627869606018e-01,2.296102233231067657e-02
2.609072327613830566e-01,-1.296054720878601074e-01,3.047333657741546631e-02
2.695563435554504395e-01,-1.308597624301910400e-01,3.925586119294166565e-02
2.940760254859924316e-01,-1.157102957367897034e-01,4.739626497030258179e-02
3.328805863857269287e-01,-7.500492781400680542e-02,4.840325564146041870e-02
3.601203858852386475e-01,-2.619959972798824310e-02,3.409846499562263489e-02
3.572600483894348145e-01,8.143370039761066437e-03,-2.330054156482219696e-02
3.388992846012115479e-01,2.960582263767719269e-02,-1.119223311543464661e-01
3.401045203208923340e-01,5.689302459359169006e-02,-2.077981233596801758e-01
3.704273700714111328e-01,9.725639969110488892e-02,-2.842395603656768799e-01
4.120817184448242188e-01,1.458919197320938110e-01,-3.472706973552703857e-01
4.372568130493164062e-01,1.917681843042373657e-01,-4.135327041149139404e-01
4.393715560436248779e-01,2.259100675582885742e-01,-4.691321849822998047e-01
4.184152781963348389e-01,2.357674837112426758e-01,-4.990629851818084717e-01
3.893966078758239746e-01,2.302867919206619263e-01,-5.230494141578674316e-01
3.612955510616302490e-01,2.265647053718566895e-01,-5.532280802726745605e-01
3.434930443763732910e-01,2.179443985223770142e-01,-5.619708895683288574e-01
3.379064500331878662e-01,2.045025080442428589e-01,-5.447228550910949707e-01
3.513297736644744873e-01,1.927712410688400269e-01,-4.997790753841400146e-01
3.669712841510772705e-01,1.712359637022018433e-01,-4.274244308471679688e-01
3.676341772079467773e-01,1.348456889390945435e-01,-3.456577658653259277e-01
3.481306433677673340e-01,8.824729174375534058e-02,-2.760345041751861572e-01
3.156843185424804688e-01,3.215336427092552185e-02,-2.129567265510559082e-01
2.950325310230255127e-01,-1.108936034142971039e-02,-1.578317880630493164e-01
2.831608355045318604e-01,-5.830936878919601440e-02,-8.992458879947662354e-02
2.783169150352478027e-01,-9.468746185302734375e-02,-3.313926234841346741e-02
2.822267115116119385e-01,-1.148203313350677490e-01,1.827556267380714417e-02
2.777487635612487793e-01,-1.359452754259109497e-01,5.192892253398895264e-02
2.740570604801177979e-01,-1.419568657875061035e-01,6.072140857577323914e-02
2.806302309036254883e-01,-1.257082074880599976e-01,6.489343941211700439e-02
2.972809970378875732e-01,-9.618469327688217163e-02,7.398185133934020996e-02
3.163255751132965088e-01,-5.097678303718566895e-02,9.328298270702362061e-02
3.255542814731597900e-01,-7.425484713166952133e-03,1.210846379399299622e-01
3.269993364810943604e-01,3.382022306323051453e-02,1.313682794570922852e-01
3.107972443103790283e-01,5.073551833629608154e-02,1.153782829642295837e-01
2.824735045433044434e-01,3.937827423214912415e-02,9.818424284458160400e-02
2.624193131923675537e-01,2.365843951702117920e-02,9.772771596908569336e-02
2.634728252887725830e-01,1.131497323513031006e-02,1.090936139225959778e-01
2.808620631694793701e-01,5.538586992770433426e-03,1.256441920995712280e-01
2.986893355846405029e-01,-4.120193887501955032e-03,1.425759345293045044e-01
3.136392831802368164e-01,-1.840913109481334686e-02,1.565966308116912842e-01
3.273582160472869873e-01,-2.597495540976524353e-02,1.613149493932723999e-01
3.253073394298553467e-01,-3.786148130893707275e-02,1.618054062128067017e-01
3.037420511245727539e-01,-5.360352993011474609e-02,1.740742921829223633e-01
2.745056748390197754e-01,-7.249402254819869995e-02,2.029445320367813110e-01
2.630152106285095215e-01,-7.026820629835128784e-02,2.226904183626174927e-01
2.669328451156616211e-01,-5.868577584624290466e-02,2.291987836360931396e-01
2.642182111740112305e-01,-6.210153549909591675e-02,2.274271249771118164e-01
2.432492226362228394e-01,-8.159393817186355591e-02,2.131320834159851074e-01
2.108028978109359741e-01,-1.033935025334358215e-01,1.999857276678085327e-01
1.912776678800582886e-01,-1.123023405671119690e-01,2.010161131620407104e-01
1.902244091033935547e-01,-1.169259473681449890e-01,2.114132791757583618e-01
1.995913982391357422e-01,-1.114228665828704834e-01,2.189178168773651123e-01
2.057866603136062622e-01,-1.075283288955688477e-01,2.115156352519989014e-01
2.058382779359817505e-01,-1.116396039724349976e-01,1.733265817165374756e-01
2.007540017366409302e-01,-1.297292411327362061e-01,1.359291076660156250e-01
1.954464763402938843e-01,-1.583294123411178589e-01,1.163332760334014893e-01
1.995587348937988281e-01,-1.862319260835647583e-01,8.797623962163925171e-02
2.242487519979476929e-01,-2.109773010015487671e-01,3.226619213819503784e-02
2.612626552581787109e-01,-2.502917945384979248e-01,-2.700510434806346893e-02
3.061277568340301514e-01,-2.878871262073516846e-01,-6.943275034427642822e-02
3.527343571186065674e-01,-3.038690984249114990e-01,-9.655050188302993774e-02
3.773729801177978516e-01,-3.249307572841644287e-01,-1.143629401922225952e-01
3.741264939308166504e-01,-3.401481509208679199e-01,-1.189293488860130310e-01
3.645903468132019043e-01,-3.333785831928253174e-01,-1.094782948493957520e-01
3.669853806495666504e-01,-3.017637431621551514e-01,-1.064760461449623108e-01
3.908580541610717773e-01,-2.623803019523620605e-01,-1.184762269258499146e-01
4.138372838497161865e-01,-2.249476313591003418e-01,-1.426163464784622192e-01
4.179856777191162109e-01,-2.067673951387405396e-01,-1.817058026790618896e-01
4.173415601253509521e-01,-1.829867511987686157e-01,-2.385960221290588379e-01
4.312575459480285645e-01,-1.452021300792694092e-01,-2.936679124832153320e-01
4.691913425922393799e-01,-8.948084712028503418e-02,-3.418584465980529785e-01
5.194680690765380859e-01,-1.700168661773204803e-02,-3.918370902538299561e-01
5.687341094017028809e-01,5.398108437657356262e-02,-4.311166703701019287e-01
5.991115570068359375e-01,1.213878393173217773e-01,-4.561841785907745361e-01
6.018833518028259277e-01,1.729696691036224365e-01,-4.793176054954528809e-01
5.831295251846313477e-01,1.954812854528427124e-01,-4.934300482273101807e-01
5.499835014343261719e-01,1.989191323518753052e-01,-4.964367449283599854e-01
5.178776383399963379e-01,2.050735056400299072e-01,-4.899045825004577637e-01
4.844503700733184814e-01,2.110789418220520020e-01,-4.770595729351043701e-01
4.388696551322937012e-01,2.106267660856246948e-01,-4.513982832431793213e-01
3.841909766197204590e-01,2.081540077924728394e-01,-4.101687669754028320e-01
3.323757946491241455e-01,2.004712224006652832e-01,-3.427958488464355469e-01
2.839767932891845703e-01,1.836591660976409912e-01,-2.685532271862030029e-01
2.322716265916824341e-01,1.513145864009857178e-01,-2.263208925724029541e-01
1.857495605945587158e-01,1.099863275885581970e-01,-1.998515725135803223e-01
1.520600914955139160e-01,6.291358172893524170e-02,-1.581825911998748779e-01
1.373823136091232300e-01,1.030185818672180176e-02,-9.650930762290954590e-02
1.380129009485244751e-01,-2.884114906191825867e-02,-3.596716001629829407e-02
1.536957770586013794e-01,-5.202283710241317749e-02,-3.444740548729896545e-03
1.751522719860076904e-01,-6.131756678223609924e-02,7.392640691250562668e-03
1.778041124343872070e-01,-7.392729818820953369e-02,9.500555694103240967e-03
1.643707305192947388e-01,-7.895905524492263794e-02,1.873910985887050629e-02
1.365051418542861938e-01,-6.716939061880111694e-02,3.320161625742912292e-02
1.131676733493804932e-01,-5.011180788278579712e-02,3.855957463383674622e-02
9.717757254838943481e-02,-4.127655550837516785e-02,1.597661152482032776e-02
9.722458571195602417e-02,-4.782806336879730225e-02,-4.459379240870475769e-02
1.074614897370338440e-01,-6.767589598894119263e-02,-1.209072619676589966e-01
1.278630346059799194e-01,-7.890365272760391235e-02,-1.882756650447845459e-01
1.422301381826400757e-01,-9.641703218221664429e-02,-2.311960011720657349e-01
1.516585946083068848e-01,-1.129125729203224182e-01,-2.646980881690979004e-01
1.645592004060745239e-01,-1.162289157509803772e-01,-2.926124632358551025e-01
1.791816651821136475e-01,-1.005005091428756714e-01,-3.177806437015533447e-01
1.878930181264877319e-01,-8.808633685111999512e-02,-3.321541547775268555e-01
1.747096627950668335e-01,-8.876125514507293701e-02,-3.317500352859497070e-01
1.471903026103973389e-01,-9.770660102367401123e-02,-3.269854187965393066e-01
1.251969784498214722e-01,-1.020167618989944458e-01,-3.251262903213500977e-01
1.204674392938613892e-01,-1.011437848210334778e-01,-3.363265693187713623e-01
1.202120035886764526e-01,-1.117229089140892029e-01,-3.527981340885162354e-01
1.273697912693023682e-01,-1.284626275300979614e-01,-3.678930401802062988e-01
1.456323862075805664e-01,-1.485818028450012207e-01,-4.014678299427032471e-01
1.827876567840576172e-01,-1.626938879489898682e-01,-4.562984704971313477e-01
2.350185811519622803e-01,-1.677693724632263184e-01,-4.876887798309326172e-01
3.016086518764495850e-01,-1.524780541658401489e-01,-4.792867600917816162e-01
3.636385202407836914e-01,-1.191965416073799133e-01,-4.600559473037719727e-01
4.144796133041381836e-01,-7.179817557334899902e-02,-4.512434601783752441e-01
4.497683346271514893e-01,-3.401746228337287903e-02,-4.518729150295257568e-01
4.741194546222686768e-01,1.395832374691963196e-02,-4.679530858993530273e-01
4.873249828815460205e-01,8.112053573131561279e-02,-4.930323362350463867e-01
4.823628067970275879e-01,1.376102119684219360e-01,-5.262619256973266602e-01
4.656228721141815186e-01,1.926042735576629639e-01,-5.709570050239562988e-01
4.431795477867126465e-01,2.406291514635086060e-01,-6.276513338088989258e-01
4.251332879066467285e-01,2.630148828029632568e-01,-6.768251061439514160e-01
4.249378740787506104e-01,2.788469791412353516e-01,-6.980495452880859375e-01
4.508601427078247070e-01,3.031846880912780762e-01,-6.840063929557800293e-01
4.815511703491210938e-01,3.158363103866577148e-01,-6.387255191802978516e-01
4.957690238952636719e-01,3.077600300312042236e-01,-5.735405683517456055e-01
4.872752726078033447e-01,2.741987705230712891e-01,-5.109362006187438965e-01
4.661418497562408447e-01,2.191633880138397217e-01,-4.687387943267822266e-01
4.553572237491607666e-01,1.723441034555435181e-01,-4.230796396732330322e-01
4.628993272781372070e-01,1.328381747007369995e-01,-3.560382127761840820e-01
4.825231134891510010e-01,9.556698054075241089e-02,-2.953042089939117432e-01
4.930496215820312500e-01,5.287487804889678955e-02,-2.368196099996566772e-01
4.958336055278778076e-01,-5.101436749100685120e-03,-1.774922460317611694e-01
4.903791248798370361e-01,-6.487467885017395020e-02,-1.448413729667663574e-01
4.890305399894714355e-01,-9.989912807941436768e-02,-1.419693827629089355e-01
4.965836107730865479e-01,-1.109800934791564941e-01,-1.343275904655456543e-01
4.908052682876586914e-01,-1.165472939610481262e-01,-1.206442043185234070e-01
4.761231839656829834e-01,-1.247333660721778870e-01,-1.160375177860260010e-01
4.724941253662109375e-01,-1.102182567119598389e-01,-1.126129031181335449e-01
4.848849773406982422e-01,-8.155602961778640747e-02,-9.210738539695739746e-02
5.168792009353637695e-01,-9.641925804316997528e-03,-8.188525587320327759e-02
5.533421039581298828e-01,6.834825128316879272e-02,-7.299811393022537231e-02
5.606087446212768555e-01,1.235669851303100586e-01,-7.884962111711502075e-02
5.455623269081115723e-01,1.571841835975646973e-01,-1.150154098868370056e-01
5.457750558853149414e-01,1.965489089488983154e-01,-1.874065101146697998e-01
5.653989315032958984e-01,2.650680541992187500e-01,-2.748431265354156494e-01
6.013558506965637207e-01,3.409925997257232666e-01,-3.558358848094940186e-01
6.288127899169921875e-01,4.110259115695953369e-01,-4.310828149318695068e-01
6.413002610206604004e-01,4.644879400730133057e-01,-4.947492778301239014e-01
6.390773653984069824e-01,4.955433011054992676e-01,-5.368766784667968750e-01
6.101740598678588867e-01,5.042471885681152344e-01,-5.585211515426635742e-01
5.763769149780273438e-01,4.937080144882202148e-01,-5.760518312454223633e-01
5.396892428398132324e-01,4.820615947246551514e-01,-5.923117995262145996e-01
4.940058887004852295e-01,4.663602411746978760e-01,-5.875854492187500000e-01
4.372143745422363281e-01,4.290967285633087158e-01,-5.687608718872070312e-01
3.730890452861785889e-01,3.752222955226898193e-01,-5.417938232421875000e-01
3.179236352443695068e-01,3.198097944259643555e-01,-5.066998600959777832e-01
2.801540195941925049e-01,2.515529394149780273e-01,-4.647185206413269043e-01
2.496360242366790771e-01,1.726506799459457397e-01,-4.047529995441436768e-01
2.266469001770019531e-01,8.909329771995544434e-02,-3.247829377651214600e-01
2.124326974153518677e-01,-1.823028549551963806e-03,-2.478361576795578003e-01
2.121947109699249268e-01,-7.382646203041076660e-02,-1.961898505687713623e-01
2.230717539787292480e-01,-1.193999275565147400e-01,-1.473762989044189453e-01
2.334368526935577393e-01,-1.481730788946151733e-01,-9.732742607593536377e-02
2.243135124444961548e-01,-1.639763563871383667e-01,-6.913314759731292725e-02
1.872862726449966431e-01,-1.771722733974456787e-01,-5.922748148441314697e-02
1.532856225967407227e-01,-1.745882779359817505e-01,-6.646683812141418457e-02
1.436897069215774536e-01,-1.256958395242691040e-01,-6.917824596166610718e-02
1.612759530544281006e-01,-3.639183193445205688e-02,-9.005528688430786133e-02
1.924238502979278564e-01,4.436468705534934998e-02,-1.349179744720458984e-01
2.297612875699996948e-01,1.175282746553421021e-01,-1.876363009214401245e-01
2.595166265964508057e-01,1.806205213069915771e-01,-2.440925091505050659e-01
2.869805693626403809e-01,2.232109308242797852e-01,-2.889874577522277832e-01
3.171439766883850098e-01,2.784538269042968750e-01,-3.332216441631317139e-01
3.444436192512512207e-01,3.391669690608978271e-01,-3.778265118598937988e-01
3.660518229007720947e-01,3.683567047119140625e-01,-4.110305309295654297e-01
3.776906430721282959e-01,3.873019516468048096e-01,-4.233383536338806152e-01
3.750563263893127441e-01,3.936104476451873779e-01,-4.282680451869964600e-01
3.545002043247222900e-01,3.640847504138946533e-01,-4.237004518508911133e-01
3.292541503906250000e-01,3.252608180046081543e-01,-4.038773477077484131e-01
3.161950409412384033e-01,2.955214381217956543e-01,-3.822740316390991211e-01
3.210820853710174561e-01,2.741249501705169678e-01,-3.588478565216064453e-01
3.329626619815826416e-01,2.560638189315795898e-01,-3.013129830360412598e-01
3.482538461685180664e-01,2.563434243202209473e-01,-2.211232483386993408e-01
3.641248941421508789e-01,2.702999711036682129e-01,-1.633622497320175171e-01
3.629367947578430176e-01,2.804757058620452881e-01,-1.171947345137596130e-01
3.519493341445922852e-01,2.896429598331451416e-01,-6.061206385493278503e-02
3.339614868164062500e-01,2.943403720855712891e-01,-1.425145845860242844e-02
3.131135106086730957e-01,2.956326007843017578e-01,2.155281836166977882e-03
2.955425977706909180e-01,3.135465979576110840e-01,1.459184451960027218e-03
2.733524739742279053e-01,3.219974935054779053e-01,-3.293699352070689201e-03
2.535832524299621582e-01,3.156061172485351562e-01,-9.633455425500869751e-03
2.441407591104507446e-01,3.363073766231536865e-01,-1.041994057595729828e-02
2.275623232126235962e-01,3.656257987022399902e-01,-5.913850385695695877e-03
1.952908337116241455e-01,3.731321692466735840e-01,1.189701724797487259e-02
1.438191533088684082e-01,3.726257681846618652e-01,5.391653627157211304e-02
8.488578349351882935e-02,3.562617301940917969e-01,9.618269652128219604e-02
4.047679156064987183e-02,3.417534530162811279e-01,1.038482338190078735e-01
2.494969218969345093e-02,3.175614476203918457e-01,9.768096357583999634e-02
2.857223711907863617e-02,2.711519300937652588e-01,1.047293692827224731e-01
4.389076307415962219e-02,2.037337273359298706e-01,1.119533851742744446e-01
6.282458454370498657e-02,1.113348156213760376e-01,1.054945737123489380e-01
8.494478464126586914e-02,2.512882091104984283e-02,9.624641388654708862e-02
1.053310707211494446e-01,-6.505531072616577148e-02,8.988399803638458252e-02
1.265417635440826416e-01,-1.252752840518951416e-01,9.242906421422958374e-02
1.393955647945404053e-01,-1.448839604854583740e-01,1.181427240371704102e-01
1.436038911342620850e-01,-1.495243608951568604e-01,1.576200425624847412e-01
1.353089660406112671e-01,-1.462390720844268799e-01,1.801480203866958618e-01
1.145029142498970032e-01,-1.311798244714736938e-01,1.565933823585510254e-01
9.734791517257690430e-02,-1.244434341788291931e-01,8.547045290470123291e-02
9.329493343830108643e-02,-1.094139516353607178e-01,1.450287178158760071e-03
1.158826276659965515e-01,-6.150256097316741943e-02,-6.221839413046836853e-02
1.630131900310516357e-01,1.113783754408359528e-02,-1.115195155143737793e-01
2.166147083044052124e-01,8.984934538602828979e-02,-1.738661825656890869e-01
2.691465914249420166e-01,1.648640781641006470e-01,-2.375046908855438232e-01
3.066587746143341064e-01,2.358991354703903198e-01,-2.970382869243621826e-01
3.314787149429321289e-01,3.038732409477233887e-01,-3.530505001544952393e-01
3.374916017055511475e-01,3.449058532714843750e-01,-3.871012032032012939e-01
3.220204114913940430e-01,3.500619828701019287e-01,-3.834343254566192627e-01
2.939782440662384033e-01,3.398745059967041016e-01,-3.684856593608856201e-01
2.614906132221221924e-01,3.364093601703643799e-01,-3.701898455619812012e-01
2.405988425016403198e-01,3.304420411586761475e-01,-3.825108706951141357e-01
2.203434407711029053e-01,3.068213164806365967e-01,-3.680893778800964355e-01
1.822362095117568970e-01,2.811966240406036377e-01,-3.138188719749450684e-01
1.340670734643936157e-01,2.470918446779251099e-01,-2.401655763387680054e-01
8.512040227651596069e-02,1.886711865663528442e-01,-1.734167337417602539e-01
4.029139876365661621e-02,1.170660853385925293e-01,-1.244999244809150696e-01
-2.282204339280724525e-03,1.852064393460750580e-02,-6.674221158027648926e-02
-3.242963552474975586e-02,-6.804505735635757446e-02,1.295463275164365768e-02
-4.243901744484901428e-02,-1.465336829423904419e-01,7.409875094890594482e-02
-3.263036161661148071e-02,-2.295528799295425415e-01,1.059277579188346863e-01
-1.828374527394771576e-02,-2.898621559143066406e-01,1.213762909173965454e-01
4.965613130480051041e-03,-3.273884057998657227e-01,1.167988106608390808e-01
2.396255917847156525e-02,-3.472044765949249268e-01,1.027236282825469971e-01
2.296936884522438049e-02,-3.499991595745086670e-01,1.058399975299835205e-01
3.176299622282385826e-03,-3.438550829887390137e-01,8.661494404077529907e-02
-2.000586688518524170e-02,-3.090232312679290771e-01,1.642930135130882263e-02
-2.524201385676860809e-02,-2.531266212463378906e-01,-5.936892703175544739e-02
-1.137378811836242676e-02,-1.879639029502868652e-01,-1.145459637045860291e-01
2.709752134978771210e-02,-1.029004976153373718e-01,-1.474949419498443604e-01
7.587449252605438232e-02,-4.809116013348102570e-03,-1.793150901794433594e-01
1.176663413643836975e-01,8.305354416370391846e-02,-2.164077609777450562e-01
1.482897400856018066e-01,1.518020778894424438e-01,-2.470873743295669556e-01
1.716899424791336060e-01,2.097582668066024780e-01,-2.577957808971405029e-01
1.991560757160186768e-01,2.532881796360015869e-01,-2.660291194915771484e-01
2.214143425226211548e-01,2.858032882213592529e-01,-2.777749598026275635e-01
2.310164272785186768e-01,3.166265189647674561e-01,-3.033363521099090576e-01
2.237099856138229370e-01,3.232652544975280762e-01,-3.105016350746154785e-01
2.028056979179382324e-01,2.944100499153137207e-01,-2.604472041130065918e-01
1.606400609016418457e-01,2.680727839469909668e-01,-1.711883693933486938e-01
9.850154072046279907e-02,2.294595688581466675e-01,-8.406650274991989136e-02
3.612384572625160217e-02,1.646280735731124878e-01,-3.720166161656379700e-02
-2.017598599195480347e-02,8.984035998582839966e-02,5.080312490463256836e-03
-5.757845565676689148e-02,2.368243783712387085e-02,6.810235232114791870e-02
-8.037129044532775879e-02,-3.617591783404350281e-02,1.022585630416870117e-01
-9.285046160221099854e-02,-7.445742189884185791e-02,1.158009767532348633e-01
-8.349870890378952026e-02,-1.128792092204093933e-01,1.372071802616119385e-01
-5.879902094602584839e-02,-1.545480042695999146e-01,1.644871532917022705e-01
-2.554483711719512939e-02,-1.803209036588668823e-01,1.717175245285034180e-01
1.416173414327204227e-03,-1.952269077301025391e-01,1.779941320419311523e-01
1.097668893635272980e-02,-2.083347737789154053e-01,2.015554010868072510e-01
-4.698961565736681223e-04,-2.273880690336227417e-01,2.405913770198822021e-01
-2.677532471716403961e-02,-2.254907190799713135e-01,2.869771718978881836e-01
-5.406468361616134644e-02,-2.018065303564071655e-01,3.070313334465026855e-01
-8.203431963920593262e-02,-1.648509949445724487e-01,2.853564620018005371e-01
-1.060705333948135376e-01,-1.379316300153732300e-01,2.460218816995620728e-01
-1.155930161476135254e-01,-1.239813789725303650e-01,2.041170150041580200e-01
-1.044766157865524292e-01,-1.082359105348587036e-01,1.622762531042098999e-01
-8.184114843606948853e-02,-1.016035526990890503e-01,1.193768456578254700e-01
-4.964281991124153137e-02,-9.568868577480316162e-02,7.589022070169448853e-02
-1.695857942104339600e-02,-8.086106181144714355e-02,2.937602438032627106e-02
1.834459416568279266e-02,-5.994915589690208435e-02,-1.681573502719402313e-02
4.987455904483795166e-02,-5.801619216799736023e-02,-5.582594498991966248e-02
7.137082517147064209e-02,-5.510649830102920532e-02,-7.808225601911544800e-02
8.661413937807083130e-02,-5.426574125885963440e-02,-8.142016828060150146e-02
9.141980856657028198e-02,-5.882698670029640198e-02,-7.263949513435363770e-02
8.675056695938110352e-02,-5.637744814157485962e-02,-6.310438364744186401e-02
8.148913085460662842e-02,-6.015607714653015137e-02,-6.250543147325515747e-02
7.834970951080322266e-02,-6.642621755599975586e-02,-7.003980129957199097e-02
6.724774092435836792e-02,-8.083604276180267334e-02,-8.331430703401565552e-02
5.498191714286804199e-02,-8.857280015945434570e-02,-1.015806049108505249e-01
5.040498822927474976e-02,-1.027250662446022034e-01,-1.205676272511482239e-01
4.726369306445121765e-02,-1.222679764032363892e-01,-1.404139846563339233e-01
4.088406264781951904e-02,-1.373887360095977783e-01,-1.573857367038726807e-01
3.330160304903984070e-02,-1.404690742492675781e-01,-1.676032692193984985e-01
3.499217331409454346e-02,-1.352351307868957520e-01,-1.557293683290481567e-01
