joint_0,joint_1,joint_2,joint_3,joint_4,joint_5,joint_6
0.787357,0.00379103,1.32659,1.22308,1.60555,-0.907463,1.57073
0.787357,0.00379103,1.32659,1.22308,1.60555,-0.907463,1.57073
0.787357,0.00379103,1.32659,1.22308,1.60555,-0.907463,1.57073
0.787357,0.00379103,1.32659,1.22308,1.60555,-0.907463,1.57073
0.787356,0.00379103,1.32658,1.22308,1.60555,-0.907465,1.57073
0.787344,0.00377964,1.32653,1.22302,1.60553,-0.907523,1.57067
0.787273,0.0037057,1.3262,1.22273,1.60535,-0.907918,1.57015
0.787154,0.00352881,1.32549,1.22228,1.60486,-0.908791,1.569
0.787062,0.00326654,1.32461,1.22186,1.60416,-0.909787,1.5676
0.78697,0.00298929,1.32376,1.22159,1.60361,-0.910159,1.5668
0.786839,0.00280832,1.32323,1.22158,1.60362,-0.909234,1.56731
0.786645,0.00277213,1.32323,1.22202,1.6044,-0.906645,1.56947
0.78638,0.00285788,1.32395,1.2231,1.60596,-0.902396,1.57336
0.786044,0.00305364,1.3256,1.22484,1.60825,-0.896682,1.57883
0.7856,0.00324167,1.32815,1.2271,1.61127,-0.889968,1.58559
0.784991,0.00327685,1.33135,1.22959,1.615,-0.882712,1.59315
0.784271,0.00314622,1.33517,1.23201,1.61935,-0.875272,1.60094
0.783532,0.00285542,1.33967,1.23437,1.62409,-0.868056,1.60857
0.782745,0.00235047,1.3447,1.23634,1.62904,-0.861101,1.61591
0.781837,0.00157479,1.35006,1.23768,1.63411,-0.854397,1.62288
0.780868,0.000538511,1.35567,1.23838,1.63919,-0.848039,1.62948
0.779967,-0.000734513,1.3614,1.23833,1.64426,-0.842024,1.6357
0.779204,-0.00225016,1.36692,1.23771,1.6493,-0.836361,1.64152
0.778632,-0.00392064,1.37195,1.23656,1.6543,-0.831084,1.64696
0.778423,-0.00559579,1.37643,1.23497,1.65924,-0.826232,1.65202
0.778633,-0.00704541,1.38018,1.23302,1.66413,-0.821785,1.65674
0.779232,-0.00824401,1.38293,1.23081,1.66894,-0.817727,1.66113
0.780244,-0.00910082,1.38458,1.22845,1.67368,-0.813978,1.66519
0.781793,-0.00946694,1.38531,1.22605,1.67829,-0.810532,1.66896
0.783971,-0.0095712,1.38529,1.22382,1.6828,-0.807486,1.67247
0.786663,-0.00939965,1.38445,1.22166,1.6872,-0.804777,1.67573
0.789771,-0.00918992,1.38282,1.2196,1.6915,-0.802529,1.67875
0.793296,-0.00895323,1.38058,1.21744,1.69573,-0.800559,1.68156
0.797287,-0.00871043,1.37798,1.21512,1.69986,-0.798882,1.68417
0.801674,-0.00859239,1.37516,1.21274,1.70392,-0.797389,1.68662
0.806281,-0.00859928,1.37213,1.21024,1.7079,-0.79593,1.68892
0.811138,-0.00887108,1.36919,1.20749,1.71186,-0.794484,1.69108
0.81634,-0.00937945,1.36662,1.20446,1.71578,-0.793106,1.69316
0.821854,-0.010146,1.3644,1.20128,1.71964,-0.791719,1.69516
0.827487,-0.0113437,1.36226,1.19794,1.72349,-0.790322,1.69709
0.833191,-0.0130467,1.36005,1.1943,1.72734,-0.789012,1.69893
0.839159,-0.0152105,1.35786,1.19009,1.73121,-0.787963,1.7007
0.845398,-0.0176897,1.35553,1.18558,1.73505,-0.787229,1.70242
0.851726,-0.0202946,1.35275,1.18101,1.73882,-0.786666,1.70408
0.858334,-0.022973,1.34988,1.17619,1.74258,-0.786488,1.70573
0.865259,-0.0255497,1.347,1.17091,1.74629,-0.786625,1.70737
0.872274,-0.0280794,1.34385,1.1654,1.74999,-0.786685,1.70901
0.879496,-0.0305893,1.3409,1.15992,1.75365,-0.786615,1.71063
0.886891,-0.0329686,1.33828,1.15435,1.75728,-0.786388,1.71224
0.894222,-0.0354263,1.33591,1.14875,1.76091,-0.785904,1.71384
0.901567,-0.0380231,1.33417,1.14316,1.76451,-0.78514,1.71546
0.908868,-0.0408554,1.33304,1.13776,1.76812,-0.783994,1.71707
0.916057,-0.0439998,1.33251,1.13256,1.7717,-0.782519,1.71869
0.923319,-0.0474765,1.33279,1.12746,1.77527,-0.780871,1.72032
0.930476,-0.0512914,1.33349,1.12259,1.77882,-0.779016,1.72196
0.937504,-0.0555161,1.33454,1.11791,1.78236,-0.776973,1.72363
0.944496,-0.0599546,1.33596,1.11321,1.78588,-0.77481,1.72532
0.951345,-0.0645015,1.33739,1.10836,1.78942,-0.772579,1.72705
0.958232,-0.0689781,1.33912,1.10342,1.79294,-0.7704,1.72881
0.965134,-0.0733008,1.34104,1.0983,1.79646,-0.768266,1.73059
0.971723,-0.0776718,1.34244,1.09306,1.79998,-0.766143,1.7324
0.978232,-0.0820843,1.34354,1.08764,1.80351,-0.764131,1.73423
0.984811,-0.0862969,1.34446,1.08222,1.80699,-0.762163,1.7361
0.99136,-0.0903972,1.34496,1.07684,1.81046,-0.760176,1.738
0.997924,-0.0943712,1.34514,1.0713,1.81392,-0.758315,1.73993
1.0044,-0.0980887,1.34484,1.0657,1.81736,-0.756542,1.7419
1.01074,-0.101609,1.34407,1.06035,1.82078,-0.754816,1.74389
1.01715,-0.104928,1.34333,1.05502,1.82418,-0.753265,1.74592
1.02356,-0.107867,1.34278,1.04945,1.82755,-0.75174,1.74798
1.02977,-0.110627,1.34238,1.04398,1.83091,-0.750177,1.75006
1.03585,-0.113407,1.34236,1.03861,1.83428,-0.748562,1.75215
1.0418,-0.116348,1.34271,1.03323,1.83765,-0.746847,1.75426
1.04751,-0.119625,1.34334,1.02797,1.84104,-0.745026,1.75638
1.05315,-0.123191,1.34452,1.02297,1.84442,-0.743169,1.7585
1.05877,-0.126906,1.34632,1.01801,1.84778,-0.741217,1.76064
1.06421,-0.130842,1.34844,1.0131,1.85119,-0.73908,1.76279
1.06937,-0.134979,1.35072,1.00825,1.85462,-0.736784,1.76496
1.07449,-0.139192,1.35341,1.00355,1.85804,-0.734523,1.76715
1.07963,-0.143366,1.35636,0.99889,1.86143,-0.732279,1.76936
1.0846,-0.147516,1.35905,0.994078,1.86484,-0.729969,1.77158
1.08941,-0.151661,1.36129,0.989111,1.86828,-0.727792,1.77381
1.0943,-0.155617,1.36322,0.984329,1.87168,-0.725769,1.77606
1.09925,-0.159306,1.36473,0.979837,1.87505,-0.723806,1.77832
1.10416,-0.162741,1.36579,0.975259,1.8784,-0.721909,1.78059
1.1091,-0.165958,1.36656,0.970523,1.88176,-0.720118,1.78287
1.11407,-0.168898,1.36708,0.965963,1.88509,-0.718374,1.78516
1.11902,-0.171573,1.36747,0.961617,1.8884,-0.716624,1.78747
1.1239,-0.174126,1.36796,0.957246,1.8917,-0.714825,1.7898
1.12864,-0.176713,1.36869,0.952668,1.89503,-0.712928,1.79213
1.13327,-0.179337,1.36975,0.948188,1.89835,-0.710903,1.79447
1.13782,-0.182158,1.37115,0.943877,1.90167,-0.708908,1.7968
1.14219,-0.185161,1.37267,0.939598,1.90499,-0.706845,1.79912
1.14648,-0.188404,1.37436,0.935123,1.90835,-0.704744,1.80146
1.15076,-0.191707,1.3762,0.930694,1.91169,-0.702659,1.80379
1.15504,-0.195059,1.37817,0.926453,1.91502,-0.700601,1.80615
1.15921,-0.198484,1.38009,0.922341,1.91836,-0.698501,1.80852
1.16325,-0.20192,1.38192,0.918031,1.92172,-0.696355,1.81089
1.16732,-0.205244,1.38386,0.913655,1.92509,-0.694268,1.81327
1.17141,-0.208421,1.38571,0.909439,1.92844,-0.692227,1.81565
1.17549,-0.211521,1.38727,0.905445,1.93179,-0.690168,1.81803
1.17956,-0.214552,1.38871,0.90157,1.93512,-0.688131,1.8204
1.1836,-0.217469,1.39024,0.897661,1.93847,-0.686057,1.82278
1.18761,-0.220238,1.39189,0.893829,1.9418,-0.683961,1.82517
1.19163,-0.222953,1.39363,0.890132,1.94513,-0.681907,1.82756
1.19558,-0.225667,1.39526,0.886563,1.94844,-0.679845,1.82995
1.19942,-0.228483,1.39679,0.883065,1.95177,-0.677822,1.83234
1.20313,-0.23132,1.39826,0.879487,1.95509,-0.675819,1.83473
1.20678,-0.234149,1.39991,0.875857,1.95842,-0.673834,1.83711
1.21038,-0.236971,1.40175,0.872305,1.96174,-0.671881,1.83949
1.21384,-0.239795,1.40363,0.868831,1.96505,-0.669889,1.84186
1.21715,-0.242661,1.40556,0.865418,1.96838,-0.667872,1.84425
1.22033,-0.245508,1.40754,0.862113,1.9717,-0.665868,1.84664
1.22344,-0.24834,1.40968,0.8589,1.97503,-0.66394,1.84904
1.22643,-0.251196,1.41184,0.85578,1.97836,-0.662173,1.85143
1.2292,-0.254182,1.41363,0.852835,1.9817,-0.660786,1.85382
1.23177,-0.257245,1.4149,0.850056,1.98505,-0.66002,1.8562
1.23421,-0.260142,1.41571,0.847319,1.98839,-0.660214,1.85857
1.23652,-0.262736,1.41603,0.844695,1.99169,-0.661517,1.86094
1.23868,-0.264964,1.41581,0.842151,1.99498,-0.66411,1.86332
1.24069,-0.266875,1.41508,0.839771,1.99823,-0.66823,1.8657
1.24252,-0.268553,1.41373,0.83753,2.00145,-0.673813,1.86809
1.24413,-0.270095,1.41179,0.835472,2.00462,-0.680689,1.87047
1.24553,-0.271574,1.40928,0.833687,2.00776,-0.688555,1.87284
1.24672,-0.273009,1.40621,0.832339,2.01086,-0.697099,1.87518
1.24763,-0.274333,1.40261,0.831219,2.01392,-0.706023,1.8775
1.24829,-0.275426,1.39862,0.830236,2.01694,-0.715033,1.87981
1.24867,-0.27626,1.39432,0.829498,2.01993,-0.724031,1.88211
1.24876,-0.276873,1.38975,0.828926,2.02289,-0.732735,1.88441
1.2485,-0.277309,1.38495,0.828291,2.02585,-0.741161,1.8867
1.24791,-0.277602,1.38,0.827545,2.02882,-0.749137,1.88898
1.24696,-0.2778,1.37491,0.826746,2.03179,-0.756715,1.89125
1.24562,-0.278004,1.36964,0.825827,2.03475,-0.763791,1.89352
1.24393,-0.278241,1.36427,0.82477,2.03774,-0.770327,1.89577
1.24196,-0.278471,1.35886,0.823681,2.04072,-0.776417,1.89799
1.23978,-0.278646,1.35345,0.82282,2.04366,-0.782012,1.9002
1.23737,-0.278773,1.34802,0.822352,2.04658,-0.787098,1.90241
1.23476,-0.278824,1.34263,0.822234,2.04949,-0.791772,1.90462
1.23192,-0.278743,1.33734,0.822414,2.0524,-0.796056,1.90683
1.22874,-0.278574,1.3321,0.822777,2.0553,-0.799998,1.90904
1.22514,-0.278413,1.32687,0.82302,2.05822,-0.803578,1.91125
1.22118,-0.278286,1.32178,0.823106,2.06114,-0.806842,1.91347
1.21694,-0.278215,1.31689,0.823155,2.06404,-0.80991,1.91567
1.21241,-0.27822,1.3121,0.823276,2.06691,-0.812737,1.91788
1.20754,-0.278343,1.30736,0.823491,2.0698,-0.815306,1.92008
1.2023,-0.278573,1.30263,0.823661,2.07268,-0.817634,1.92229
1.19673,-0.278888,1.29805,0.823806,2.07557,-0.819791,1.9245
1.19094,-0.279291,1.29366,0.824172,2.07842,-0.821816,1.92673
1.18484,-0.279799,1.28929,0.824845,2.08126,-0.823721,1.92895
1.17837,-0.280371,1.28479,0.825633,2.08413,-0.82543,1.93115
1.17175,-0.280902,1.28052,0.826427,2.08702,-0.827092,1.93336
1.16506,-0.281318,1.27649,0.827498,2.08987,-0.828676,1.93556
1.15814,-0.281815,1.27245,0.828776,2.09275,-0.830113,1.93775
1.15106,-0.282438,1.26852,0.829946,2.09564,-0.831517,1.93995
1.14392,-0.283155,1.26472,0.831152,2.09848,-0.832865,1.94213
1.13665,-0.284073,1.26088,0.832563,2.10136,-0.834101,1.94431
1.12932,-0.285176,1.25715,0.833937,2.10424,-0.835372,1.94649
1.12183,-0.28642,1.25332,0.835358,2.10712,-0.836575,1.94865
1.11423,-0.28796,1.24946,0.836768,2.11004,-0.837742,1.9508
1.10663,-0.289664,1.2457,0.838043,2.11296,-0.838994,1.95293
1.09889,-0.291476,1.24178,0.838843,2.11587,-0.840193,1.95506
1.09115,-0.29343,1.23807,0.839167,2.11883,-0.841525,1.95725
1.08347,-0.295253,1.23477,0.838886,2.12175,-0.84289,1.95954
1.07593,-0.297207,1.23216,0.838016,2.12473,-0.844383,1.96198
1.06863,-0.299299,1.23052,0.836642,2.12769,-0.846047,1.96457
1.06151,-0.301735,1.22979,0.834848,2.13061,-0.847812,1.96732
1.05463,-0.304762,1.23021,0.832767,2.13353,-0.849734,1.97023
1.04797,-0.308266,1.23164,0.830352,2.13637,-0.85176,1.97329
1.04145,-0.312421,1.23394,0.82761,2.13921,-0.854004,1.97647
1.0352,-0.316998,1.23725,0.824564,2.14198,-0.856448,1.97977
1.02925,-0.321702,1.24154,0.821164,2.14466,-0.859122,1.9832
1.02344,-0.326532,1.24662,0.817394,2.1473,-0.862048,1.98674
1.01773,-0.331465,1.2524,0.81332,2.14992,-0.865182,1.99038
1.01223,-0.336531,1.25894,0.809186,2.15247,-0.868638,1.9941
1.00692,-0.341662,1.26613,0.804958,2.15495,-0.872269,1.99787
1.00166,-0.346956,1.27381,0.800441,2.15743,-0.876101,2.00169
0.996438,-0.352542,1.28186,0.795608,2.15994,-0.880195,2.00557
0.991195,-0.358251,1.28995,0.790851,2.16243,-0.884398,2.00947
0.986033,-0.364007,1.29809,0.786256,2.16493,-0.888762,2.01339
0.981073,-0.36967,1.3064,0.781596,2.16741,-0.893372,2.01731
0.976206,-0.375132,1.31456,0.77675,2.16991,-0.898073,2.02122
0.971485,-0.380401,1.32256,0.772038,2.17237,-0.902853,2.02512
0.966962,-0.385428,1.3304,0.76737,2.17481,-0.907683,2.029
0.962691,-0.390429,1.33809,0.7628,2.17726,-0.912624,2.03285
0.958721,-0.395468,1.34561,0.75855,2.17973,-0.91756,2.03666
0.954966,-0.400404,1.35286,0.754935,2.18225,-0.922335,2.04043
0.951484,-0.405303,1.36005,0.752073,2.18485,-0.927084,2.04419
0.948122,-0.410088,1.36701,0.750044,2.18755,-0.931768,2.04789
0.944747,-0.414898,1.37378,0.748967,2.19035,-0.936415,2.05155
0.941407,-0.419602,1.38058,0.748929,2.19319,-0.941038,2.05515
0.93791,-0.424043,1.38734,0.749639,2.19607,-0.945634,2.05868
0.934109,-0.428502,1.39403,0.750826,2.19904,-0.950338,2.06217
0.929901,-0.432948,1.40049,0.752477,2.20207,-0.954988,2.06561
0.925304,-0.437403,1.4068,0.754506,2.20512,-0.959589,2.069
0.920528,-0.44175,1.41322,0.756695,2.20825,-0.964243,2.07233
0.915686,-0.445906,1.41968,0.759148,2.21137,-0.968935,2.0756
0.910673,-0.450094,1.42589,0.761855,2.21453,-0.973492,2.07881
0.905552,-0.454384,1.43182,0.764686,2.21777,-0.977935,2.08198
0.900626,-0.458538,1.43783,0.767718,2.221,-0.982334,2.08511
0.896026,-0.462507,1.44397,0.770981,2.22422,-0.986654,2.08818
0.891518,-0.466455,1.44986,0.774521,2.22746,-0.990814,2.0912
0.887106,-0.470547,1.45551,0.778199,2.23075,-0.994886,2.09417
0.88296,-0.474639,1.46116,0.782164,2.23404,-0.998811,2.09711
0.879162,-0.47854,1.46684,0.786437,2.23729,-1.00262,2.10003
0.87564,-0.482382,1.47256,0.790779,2.24056,-1.00637,2.10292
0.872189,-0.486251,1.47809,0.795054,2.24384,-1.00998,2.10579
0.868768,-0.490318,1.48344,0.799573,2.24715,-1.01348,2.10862
0.865453,-0.494535,1.4888,0.804338,2.25047,-1.01691,2.11141
0.862286,-0.498678,1.49427,0.809004,2.25377,-1.02031,2.11418
0.859113,-0.502797,1.49974,0.813546,2.25708,-1.02369,2.11693
0.855742,-0.50697,1.50497,0.818068,2.26042,-1.02694,2.11965
0.852302,-0.511251,1.51008,0.822716,2.26378,-1.03018,2.12236
0.849002,-0.5155,1.51536,0.827554,2.26713,-1.03345,2.12507
0.84578,-0.519495,1.52071,0.832263,2.27047,-1.03661,2.12776
0.842519,-0.523443,1.52605,0.836934,2.27381,-1.03975,2.13044
0.839255,-0.527372,1.53128,0.841612,2.2772,-1.04289,2.13309
0.836097,-0.531329,1.5365,0.846404,2.28057,-1.04603,2.13574
0.833039,-0.535307,1.54171,0.851136,2.28396,-1.04909,2.13837
0.829976,-0.539138,1.54687,0.855818,2.28733,-1.05207,2.141
0.827019,-0.542959,1.55213,0.86043,2.29071,-1.0551,2.14362
0.824221,-0.546762,1.55742,0.865102,2.29407,-1.05809,2.14624
0.821539,-0.550654,1.56258,0.869766,2.29745,-1.06099,2.14884
0.818964,-0.554597,1.56761,0.874444,2.30083,-1.06385,2.15141
0.816621,-0.558449,1.57268,0.879095,2.30421,-1.06668,2.15398
0.81455,-0.562318,1.57783,0.883744,2.30757,-1.0695,2.15656
0.812637,-0.566277,1.58286,0.888337,2.31096,-1.07226,2.15913
0.810817,-0.570345,1.58775,0.892935,2.31438,-1.07498,2.1617
0.809213,-0.574411,1.5927,0.897549,2.31779,-1.0777,2.16427
0.80787,-0.578333,1.59778,0.90211,2.32117,-1.08041,2.16683
0.806718,-0.582274,1.60288,0.906536,2.32454,-1.08315,2.16939
0.805654,-0.586238,1.60784,0.910845,2.32794,-1.08588,2.17193
0.804766,-0.590203,1.61283,0.915223,2.33133,-1.0886,2.17448
0.804141,-0.594147,1.61793,0.91958,2.33472,-1.09132,2.17702
0.803693,-0.59805,1.62307,0.923815,2.33808,-1.09402,2.17956
0.80339,-0.602049,1.62819,0.927758,2.34148,-1.09677,2.1821
0.803214,-0.606079,1.6333,0.931546,2.34487,-1.09957,2.18463
0.80325,-0.610164,1.63843,0.935235,2.34825,-1.10242,2.18715
0.803535,-0.614256,1.64358,0.938837,2.35159,-1.10524,2.18966
0.804139,-0.618301,1.64879,0.942262,2.35492,-1.10805,2.19216
0.805091,-0.622404,1.65409,0.945463,2.35825,-1.11093,2.19467
0.806291,-0.626551,1.65928,0.948494,2.36158,-1.11377,2.19718
0.807741,-0.630827,1.66437,0.951507,2.36492,-1.11658,2.19971
0.809537,-0.635145,1.66953,0.9545,2.36825,-1.11938,2.20223
0.811651,-0.639418,1.6748,0.957413,2.37156,-1.12221,2.20476
0.813901,-0.643776,1.68007,0.960284,2.37486,-1.12508,2.20729
0.816183,-0.648127,1.68523,0.963067,2.37817,-1.12789,2.20983
0.818595,-0.652412,1.69045,0.965874,2.38146,-1.13071,2.21238
0.821125,-0.65653,1.69581,0.968675,2.38472,-1.13352,2.21494
0.82357,-0.660579,1.70112,0.971503,2.38795,-1.13634,2.21752
0.825891,-0.664683,1.70628,0.974344,2.39121,-1.13914,2.22012
0.828185,-0.668743,1.71141,0.977322,2.39444,-1.14195,2.22272
0.830488,-0.672673,1.71648,0.980441,2.39767,-1.14474,2.22532
0.832719,-0.676403,1.72139,0.983543,2.40088,-1.14742,2.22792
0.834852,-0.680022,1.7261,0.986508,2.40412,-1.15012,2.23051
0.836926,-0.683551,1.7304,0.989536,2.40737,-1.15277,2.23311
0.838986,-0.68697,1.73414,0.992851,2.4106,-1.15538,2.23571
0.841032,-0.69019,1.73737,0.996297,2.41382,-1.15789,2.23832
0.842924,-0.693103,1.7399,0.999787,2.41702,-1.16032,2.24093
0.844657,-0.695686,1.74166,1.00315,2.42024,-1.1628,2.24355
0.846205,-0.697915,1.74257,1.00643,2.42343,-1.16536,2.24617
0.847508,-0.699773,1.74253,1.00945,2.42659,-1.16792,2.24878
0.848546,-0.701226,1.74159,1.01215,2.42971,-1.17046,2.25139
0.849383,-0.702284,1.73976,1.01432,2.4328,-1.17302,2.254
0.850051,-0.702908,1.73701,1.01594,2.43585,-1.17552,2.25661
0.850659,-0.703068,1.73344,1.01701,2.43887,-1.17766,2.25923
0.851339,-0.702791,1.72916,1.01759,2.44186,-1.17942,2.26183
0.852124,-0.702184,1.7242,1.01791,2.44483,-1.18088,2.26443
0.85302,-0.701274,1.71869,1.01804,2.44779,-1.18192,2.26702
0.85405,-0.700074,1.71287,1.01802,2.45073,-1.18232,2.26959
0.855107,-0.69858,1.70678,1.01797,2.45366,-1.18184,2.27215
0.856036,-0.696928,1.70042,1.01779,2.4566,-1.18058,2.2747
0.856856,-0.695175,1.69401,1.0175,2.45957,-1.1786,2.27726
0.857626,-0.693285,1.68764,1.01727,2.46251,-1.17567,2.27983
0.858178,-0.691368,1.6812,1.01686,2.46548,-1.17185,2.28238
0.858492,-0.689457,1.67476,1.0161,2.46845,-1.1674,2.28494
0.858726,-0.687419,1.66842,1.01518,2.47139,-1.1629,2.2875
0.858954,-0.6853,1.6621,1.01437,2.47431,-1.15893,2.29005
0.859213,-0.683176,1.65581,1.01364,2.47726,-1.15561,2.29261
0.85945,-0.68094,1.64955,1.01285,2.48022,-1.15251,2.29515
0.859625,-0.678639,1.64329,1.01207,2.4832,-1.14913,2.29771
0.859844,-0.67629,1.63717,1.01138,2.48619,-1.14552,2.30027
0.860169,-0.673746,1.63127,1.01086,2.48917,-1.14204,2.30284
0.860461,-0.671084,1.62542,1.01052,2.49219,-1.13887,2.30539
0.860631,-0.66833,1.61958,1.01024,2.49523,-1.13563,2.30793
0.8608,-0.665434,1.61395,1.01004,2.49829,-1.13191,2.31045
0.860984,-0.662421,1.60856,1.01002,2.50135,-1.12765,2.31297
0.861007,-0.659437,1.60326,1.00994,2.50441,-1.12328,2.31549
0.860885,-0.656568,1.59808,1.00986,2.50746,-1.11911,2.31801
0.860731,-0.653709,1.59305,1.00993,2.51051,-1.11491,2.32053
0.860505,-0.650893,1.58809,1.0101,2.51357,-1.11067,2.32303
0.860104,-0.648072,1.58312,1.01024,2.51664,-1.10649,2.32553
0.859584,-0.645198,1.5783,1.01027,2.5197,-1.10283,2.32802
0.859073,-0.642223,1.57373,1.01031,2.52276,-1.10035,2.3305
0.858603,-0.639229,1.56919,1.01054,2.5258,-1.09913,2.33297
0.858172,-0.636275,1.5646,1.01101,2.52887,-1.09889,2.33546
0.85786,-0.633269,1.56007,1.01161,2.53196,-1.09894,2.33796
0.857652,-0.630214,1.55566,1.01231,2.53504,-1.09877,2.34045
0.857431,-0.627135,1.55134,1.01294,2.5381,-1.0984,2.34295
0.857113,-0.624112,1.54705,1.01342,2.54117,-1.09823,2.34544
0.856727,-0.621146,1.5429,1.014,2.54421,-1.09862,2.34792
0.856274,-0.618153,1.53886,1.01471,2.54726,-1.09937,2.3504
0.855703,-0.615077,1.53492,1.01546,2.55031,-1.1,2.35288
0.854952,-0.612005,1.531,1.01608,2.55336,-1.10006,2.35536
0.853949,-0.608992,1.52708,1.01662,2.5564,-1.09949,2.35785
0.852735,-0.606041,1.52324,1.01699,2.55946,-1.09856,2.36033
0.851431,-0.603062,1.51954,1.01742,2.56249,-1.09798,2.36281
0.850136,-0.600003,1.51595,1.01801,2.56553,-1.09828,2.36529
0.848866,-0.596871,1.51233,1.01868,2.56856,-1.09949,2.36777
0.84765,-0.593706,1.50861,1.01924,2.5716,-1.10158,2.37024
0.846572,-0.590637,1.5049,1.01975,2.57462,-1.10439,2.37273
0.845758,-0.587639,1.50122,1.02047,2.57764,-1.10749,2.37522
0.845219,-0.584701,1.4976,1.02133,2.58066,-1.11032,2.37772
0.844773,-0.581738,1.49399,1.02198,2.58369,-1.1128,2.38023
0.844309,-0.578744,1.49031,1.02246,2.58673,-1.1153,2.38271
0.843927,-0.575734,1.48668,1.02276,2.58975,-1.11848,2.38519
0.843715,-0.572809,1.48316,1.02302,2.59276,-1.12257,2.38766
0.843603,-0.57003,1.47959,1.02342,2.59577,-1.12739,2.39014
0.843449,-0.567346,1.47593,1.02363,2.59879,-1.13266,2.3926
0.843215,-0.564647,1.47223,1.02357,2.60178,-1.13818,2.39508
0.842968,-0.561914,1.46853,1.02343,2.60478,-1.14343,2.39757
0.842813,-0.559221,1.46491,1.02343,2.60777,-1.14775,2.40006
0.842725,-0.556516,1.46135,1.02363,2.61075,-1.15065,2.40255
0.842556,-0.553777,1.45779,1.02377,2.61374,-1.15215,2.40503
0.842206,-0.550986,1.4542,1.02373,2.61674,-1.15281,2.4075
0.841725,-0.548153,1.4506,1.0236,2.61973,-1.15335,2.40998
0.841252,-0.545324,1.44708,1.02364,2.62273,-1.1542,2.41245
0.84087,-0.542476,1.44364,1.02392,2.62573,-1.1553,2.41493
0.840526,-0.539629,1.44021,1.0241,2.62874,-1.15676,2.41742
0.840202,-0.536807,1.43672,1.02413,2.63175,-1.15864,2.41991
0.840036,-0.53413,1.43318,1.02428,2.63474,-1.16092,2.4224
0.840028,-0.531632,1.4296,1.02435,2.63772,-1.1636,2.42488
0.840138,-0.529226,1.42595,1.02436,2.6407,-1.16638,2.42736
0.840408,-0.526803,1.42225,1.02454,2.64367,-1.16872,2.42983
0.840868,-0.524273,1.41861,1.02479,2.64663,-1.17032,2.43231
0.841417,-0.521659,1.41499,1.025,2.6496,-1.1712,2.43479
0.84188,-0.519031,1.41126,1.02516,2.65257,-1.17151,2.43726
0.842268,-0.516487,1.40752,1.02534,2.65556,-1.17171,2.43973
0.842615,-0.514063,1.40386,1.02558,2.65856,-1.17221,2.4422
0.842818,-0.511661,1.4002,1.0258,2.66154,-1.17295,2.44467
0.842843,-0.509261,1.3965,1.02589,2.66452,-1.17344,2.44713
0.842742,-0.506819,1.39279,1.02586,2.66751,-1.17325,2.4496
0.842597,-0.504313,1.38912,1.02566,2.67047,-1.17255,2.45207
0.842512,-0.501804,1.38548,1.02558,2.67345,-1.17178,2.45455
0.842559,-0.499286,1.38182,1.0257,2.67641,-1.17137,2.45703
0.842718,-0.496782,1.3781,1.0259,2.6794,-1.17147,2.45951
0.842912,-0.494314,1.37427,1.02607,2.68238,-1.17183,2.46197
0.843171,-0.491902,1.37034,1.0263,2.68538,-1.17229,2.46442
0.84358,-0.48955,1.36647,1.02648,2.68839,-1.17319,2.46687
0.844142,-0.487173,1.36264,1.02668,2.69139,-1.17465,2.46933
0.844851,-0.484778,1.35882,1.02697,2.69438,-1.17642,2.47178
0.845623,-0.482421,1.35493,1.02729,2.69737,-1.17797,2.47424
0.846375,-0.480109,1.35097,1.02747,2.70035,-1.17906,2.4767
0.847119,-0.477868,1.34702,1.02754,2.70333,-1.17991,2.47917
0.847877,-0.475758,1.34307,1.02775,2.70631,-1.18074,2.48162
0.84862,-0.473757,1.33911,1.02817,2.7093,-1.18165,2.48407
0.849237,-0.47172,1.33509,1.02848,2.7123,-1.18239,2.48651
0.849683,-0.46952,1.33105,1.02849,2.7153,-1.18306,2.48895
0.850127,-0.467163,1.32709,1.02847,2.7183,-1.18408,2.49138
0.85072,-0.464735,1.32323,1.02858,2.72128,-1.18567,2.49384
0.85142,-0.462346,1.31934,1.02885,2.72426,-1.18765,2.4963
0.852075,-0.460035,1.31528,1.02921,2.72724,-1.18933,2.49875
0.852653,-0.457795,1.31113,1.02939,2.73022,-1.19009,2.5012
0.853267,-0.455632,1.30704,1.02944,2.7332,-1.18991,2.50364
0.853979,-0.453506,1.30297,1.02963,2.73619,-1.1892,2.50607
0.854761,-0.451423,1.29887,1.02998,2.73918,-1.18856,2.5085
0.855535,-0.449268,1.29468,1.03038,2.74217,-1.18829,2.51093
0.856305,-0.446978,1.29046,1.03065,2.74515,-1.18833,2.51336
0.857144,-0.444635,1.28634,1.03084,2.74813,-1.18827,2.51579
0.858078,-0.442383,1.28224,1.03116,2.7511,-1.18813,2.51822
0.85905,-0.440296,1.27808,1.03172,2.75408,-1.18815,2.52064
0.859957,-0.438292,1.27379,1.03237,2.75708,-1.18847,2.52307
0.860776,-0.436256,1.26945,1.03272,2.76008,-1.18921,2.52549
0.861572,-0.434152,1.26513,1.03285,2.76306,-1.19033,2.52792
0.862477,-0.43207,1.26088,1.03309,2.76604,-1.19146,2.53035
0.863457,-0.430022,1.25662,1.03347,2.76901,-1.19213,2.53279
0.864413,-0.427932,1.25227,1.03382,2.77199,-1.19237,2.53525
0.86533,-0.425714,1.24792,1.034,2.77498,-1.19265,2.53771
0.866277,-0.42343,1.24363,1.03399,2.77797,-1.19354,2.54017
0.867283,-0.421241,1.23936,1.03413,2.78096,-1.19528,2.54262
0.86831,-0.419188,1.23498,1.03446,2.78395,-1.19782,2.54507
0.869312,-0.417219,1.23049,1.03461,2.78692,-1.20104,2.54753
0.870353,-0.415262,1.22596,1.03469,2.78988,-1.20446,2.54998
0.871576,-0.413309,1.2215,1.03496,2.79282,-1.20737,2.55245
0.872944,-0.411374,1.21708,1.03535,2.79571,-1.20927,2.55492
0.874279,-0.409415,1.21256,1.03576,2.79862,-1.20988,2.55739
0.875539,-0.407418,1.20803,1.03618,2.80152,-1.20936,2.55984
0.876823,-0.405352,1.20365,1.03659,2.80442,-1.20822,2.56229
0.87809,-0.403213,1.19936,1.03682,2.80731,-1.20711,2.56473
0.879204,-0.401118,1.19496,1.03703,2.81024,-1.20654,2.56718
0.880231,-0.399117,1.19048,1.03731,2.81318,-1.2065,2.56962
0.881302,-0.397181,1.18606,1.03769,2.81615,-1.20652,2.57207
0.882415,-0.395253,1.18169,1.03817,2.8191,-1.20611,2.57453
0.883494,-0.393322,1.17728,1.03866,2.82203,-1.2052,2.57697
0.884491,-0.391356,1.17284,1.03903,2.82496,-1.20411,2.57941
0.885459,-0.389341,1.16841,1.03945,2.82787,-1.20322,2.58183
0.886469,-0.387257,1.16403,1.04005,2.83071,-1.20233,2.58424
0.887479,-0.38512,1.15967,1.04074,2.83344,-1.20121,2.58664
0.888372,-0.382934,1.1552,1.04138,2.83607,-1.20005,2.58902
0.889146,-0.380733,1.15066,1.04198,2.83859,-1.19943,2.5914
0.889925,-0.378599,1.14615,1.04282,2.84102,-1.19959,2.59379
0.890823,-0.37655,1.14167,1.044,2.84337,-1.20029,2.59617
0.891744,-0.374477,1.13716,1.04513,2.84561,-1.20109,2.59854
0.892642,-0.372392,1.13258,1.04613,2.84778,-1.20144,2.6009
0.89359,-0.370264,1.12797,1.04728,2.84983,-1.20122,2.60322
0.894651,-0.368092,1.12346,1.0486,2.85173,-1.2008,2.60551
0.895686,-0.365805,1.11893,1.05004,2.85353,-1.20077,2.60778
0.896512,-0.363462,1.1142,1.05159,2.8552,-1.20143,2.61005
0.897145,-0.361066,1.10938,1.05308,2.85676,-1.20298,2.6123
0.897699,-0.358671,1.1046,1.05476,2.85818,-1.20522,2.61457
0.898205,-0.356298,1.09984,1.05671,2.85949,-1.20748,2.61683
0.89856,-0.353882,1.09501,1.05846,2.86068,-1.20894,2.61909
0.898768,-0.351415,1.09015,1.05986,2.86175,-1.20938,2.62132
0.898987,-0.348891,1.08536,1.06125,2.86272,-1.20884,2.62355
0.899367,-0.346373,1.0807,1.06277,2.86357,-1.20786,2.62577
0.899838,-0.343893,1.07601,1.06444,2.86431,-1.20701,2.62798
0.900305,-0.341402,1.0712,1.06614,2.86498,-1.20667,2.63021
0.900836,-0.3389,1.06643,1.06782,2.86556,-1.20702,2.63247
0.901513,-0.336414,1.06174,1.0695,2.86602,-1.20788,2.63474
0.902271,-0.334002,1.05702,1.07137,2.8664,-1.20877,2.63701
0.903062,-0.331631,1.05228,1.07322,2.8667,-1.20903,2.63927
0.903877,-0.32914,1.0476,1.07467,2.86691,-1.20849,2.64153
0.904731,-0.326592,1.04304,1.07593,2.86703,-1.20738,2.6438
0.905609,-0.324155,1.03848,1.07719,2.86708,-1.20613,2.64608
0.906448,-0.321874,1.03383,1.07839,2.86708,-1.20549,2.64837
0.907259,-0.319748,1.02913,1.07976,2.86705,-1.20578,2.6507
0.908105,-0.317638,1.02447,1.08108,2.867,-1.20701,2.65306
0.908988,-0.315461,1.01988,1.08215,2.8669,-1.20901,2.65543
0.909887,-0.313252,1.01531,1.08315,2.86678,-1.21103,2.65778
0.91084,-0.311029,1.01079,1.08419,2.86665,-1.21231,2.66012
0.911914,-0.308772,1.00643,1.08526,2.86651,-1.21262,2.66243
0.913097,-0.306474,1.0022,1.08627,2.86635,-1.21223,2.66473
0.914274,-0.304193,0.99794,1.0872,2.86617,-1.2118,2.66706
0.915424,-0.302028,0.993649,1.08789,2.86596,-1.212,2.6694
0.916608,-0.300076,0.989393,1.08853,2.86574,-1.21308,2.67178
0.917912,-0.298321,0.985263,1.08927,2.86549,-1.21515,2.67417
0.91932,-0.296672,0.98132,1.08988,2.86521,-1.218,2.67656
0.920751,-0.295117,0.977508,1.09035,2.86492,-1.22091,2.67896
0.922165,-0.2936,0.973874,1.09057,2.86462,-1.22331,2.68135
0.923666,-0.292155,0.970706,1.09065,2.86431,-1.22509,2.68374
0.925276,-0.290877,0.968021,1.09082,2.86397,-1.22666,2.68615
0.926891,-0.289706,0.965866,1.0908,2.8636,-1.22858,2.68858
0.928435,-0.28864,0.964404,1.09051,2.86324,-1.23129,2.69104
0.929831,-0.287774,0.963662,1.09,2.8629,-1.23475,2.69353
0.931101,-0.287243,0.963715,1.08946,2.86255,-1.23844,2.69602
0.932293,-0.287102,0.964575,1.08908,2.86219,-1.24177,2.69852
0.933321,-0.287243,0.966019,1.08877,2.86184,-1.24456,2.70103
0.934095,-0.287567,0.967698,1.08852,2.86149,-1.24694,2.70353
0.934611,-0.287987,0.969324,1.08818,2.86113,-1.2487,2.70601
0.93492,-0.288339,0.970698,1.08766,2.86077,-1.24938,2.70843
0.935089,-0.288561,0.971604,1.08719,2.86038,-1.24883,2.71079
0.935194,-0.288649,0.971873,1.08684,2.85998,-1.24711,2.71312
0.935294,-0.28856,0.971437,1.08655,2.85957,-1.24416,2.71541
0.935411,-0.288242,0.970267,1.08644,2.85912,-1.2402,2.71767
0.93564,-0.287679,0.96851,1.08654,2.85867,-1.2355,2.71992
0.936081,-0.286817,0.966483,1.08685,2.85819,-1.23038,2.72219
0.936728,-0.285738,0.964481,1.0873,2.85766,-1.22537,2.72447
0.937487,-0.284616,0.962625,1.08798,2.85715,-1.221,2.72676
0.938307,-0.283552,0.961096,1.08875,2.85666,-1.2177,2.72908
0.939223,-0.282638,0.960209,1.0896,2.85616,-1.21561,2.73143
0.940173,-0.281923,0.960096,1.09038,2.85569,-1.21466,2.73378
0.941002,-0.281542,0.960676,1.09101,2.85527,-1.2147,2.73613
0.941577,-0.281507,0.961882,1.09145,2.85489,-1.21558,2.7385
0.941865,-0.281738,0.963703,1.09176,2.85453,-1.21737,2.74086
0.941894,-0.282236,0.966075,1.09199,2.8542,-1.22003,2.74324
0.941635,-0.282922,0.968838,1.09202,2.8539,-1.22335,2.74562
0.94099,-0.283682,0.971729,1.09176,2.85363,-1.22721,2.74802
0.939951,-0.284489,0.974501,1.09117,2.8534,-1.23165,2.75043
0.938673,-0.285318,0.977104,1.09058,2.85319,-1.23652,2.75284
0.937352,-0.286094,0.979658,1.09022,2.85298,-1.2417,2.75524
0.936075,-0.286654,0.982303,1.08991,2.85275,-1.24713,2.75763
0.934759,-0.286962,0.985063,1.08931,2.85254,-1.25263,2.76001
0.933374,-0.287191,0.987807,1.08866,2.85233,-1.25804,2.76238
0.932163,-0.287562,0.990869,1.0884,2.85212,-1.26344,2.76474
0.931207,-0.288144,0.994473,1.08862,2.85189,-1.26892,2.76709
0.930342,-0.288956,0.998544,1.08932,2.85163,-1.27447,2.76944
0.929422,-0.289918,1.00308,1.09041,2.85136,-1.28006,2.77177
0.928391,-0.290975,1.00811,1.09202,2.85105,-1.28573,2.77409
0.927148,-0.292157,1.01363,1.09404,2.85073,-1.2914,2.77639
0.925625,-0.293526,1.01953,1.09636,2.85042,-1.29697,2.77867
0.923815,-0.295005,1.02578,1.09879,2.8501,-1.3025,2.78094
0.92167,-0.296562,1.03223,1.1012,2.84978,-1.30794,2.78321
0.919211,-0.298283,1.03885,1.1036,2.84949,-1.31325,2.78548
0.916549,-0.300102,1.04563,1.10588,2.8492,-1.3184,2.78775
0.913644,-0.302041,1.05234,1.10814,2.84892,-1.32335,2.79002
0.910548,-0.304198,1.05895,1.11049,2.84868,-1.32812,2.79229
0.907445,-0.306439,1.06563,1.11283,2.84844,-1.33267,2.79456
0.904387,-0.308721,1.07234,1.11525,2.84819,-1.33698,2.79683
0.901393,-0.311162,1.07901,1.11784,2.84795,-1.34107,2.79908
0.89852,-0.313653,1.08567,1.12054,2.84772,-1.34495,2.80134
0.895709,-0.316088,1.0922,1.12333,2.84749,-1.3486,2.80359
0.892971,-0.318508,1.09865,1.12615,2.84728,-1.35202,2.80584
0.890423,-0.320842,1.10516,1.12909,2.84704,-1.35527,2.8081
0.888008,-0.323143,1.11164,1.13204,2.84681,-1.35838,2.81036
0.885647,-0.325624,1.11801,1.13493,2.84661,-1.36134,2.81262
0.883403,-0.328295,1.12434,1.13787,2.84641,-1.36413,2.81487
0.881219,-0.331156,1.13054,1.14072,2.84622,-1.36679,2.81712
0.879004,-0.334254,1.13651,1.14336,2.84606,-1.36933,2.81937
0.876803,-0.33746,1.14237,1.14592,2.84592,-1.37177,2.82162
0.874642,-0.340722,1.14813,1.14841,2.84577,-1.37411,2.82387
0.872471,-0.344016,1.15377,1.15083,2.84565,-1.37643,2.82611
0.87034,-0.347324,1.15936,1.1532,2.84555,-1.37877,2.82835
0.868281,-0.350564,1.1649,1.15544,2.84545,-1.38112,2.8306
0.866271,-0.353866,1.17031,1.15764,2.84535,-1.38341,2.83284
0.864318,-0.357241,1.17559,1.15969,2.84527,-1.38571,2.83508
0.862462,-0.360551,1.18085,1.16135,2.84521,-1.38804,2.83731
0.860699,-0.363823,1.18605,1.16287,2.84513,-1.39033,2.83954
0.859005,-0.367203,1.19109,1.16452,2.84507,-1.39261,2.84179
0.857388,-0.370682,1.19597,1.16629,2.84504,-1.39494,2.84403
0.855874,-0.374196,1.20081,1.16797,2.84501,-1.39728,2.84627
0.854385,-0.377655,1.20558,1.16946,2.84495,-1.39961,2.84853
0.852899,-0.381119,1.21023,1.17085,2.84491,-1.40195,2.85079
0.851428,-0.384616,1.21479,1.17213,2.84488,-1.40432,2.85304
0.849997,-0.388165,1.21927,1.1733,2.84486,-1.40664,2.8553
0.848635,-0.391816,1.22367,1.17445,2.84484,-1.40891,2.85754
0.847365,-0.395591,1.22793,1.17555,2.84484,-1.41117,2.85979
0.846197,-0.399402,1.23207,1.17656,2.84482,-1.41336,2.86205
0.845168,-0.403193,1.23618,1.1776,2.8448,-1.41552,2.86431
0.844195,-0.406956,1.24017,1.1787,2.84479,-1.4177,2.86659
0.843175,-0.41073,1.24394,1.17975,2.8448,-1.41985,2.86888
0.842185,-0.41456,1.2476,1.18066,2.8448,-1.42202,2.87117
0.841298,-0.418286,1.25118,1.18126,2.84479,-1.42423,2.87345
0.840519,-0.421931,1.25466,1.18143,2.8448,-1.42641,2.87574
0.839825,-0.425583,1.25779,1.18126,2.8448,-1.42863,2.87802
0.839261,-0.429315,1.2604,1.18085,2.84481,-1.43088,2.8803
0.838976,-0.43314,1.26273,1.18029,2.84482,-1.43311,2.88259
0.838952,-0.436947,1.26468,1.17947,2.84481,-1.43533,2.88489
0.839129,-0.440732,1.26611,1.17838,2.8448,-1.43759,2.8872
0.839531,-0.444466,1.26703,1.17703,2.84482,-1.43985,2.88952
0.840187,-0.448112,1.26735,1.17552,2.84481,-1.44216,2.89183
0.841113,-0.451724,1.26715,1.17388,2.84481,-1.44454,2.89415
0.842278,-0.455196,1.26658,1.17199,2.84481,-1.44688,2.89646
0.843595,-0.458521,1.26562,1.16974,2.8448,-1.44926,2.89876
0.844993,-0.461817,1.26423,1.16734,2.8448,-1.4517,2.90107
0.846511,-0.465112,1.26244,1.16482,2.84482,-1.45414,2.90336
0.848176,-0.468429,1.26034,1.16221,2.8448,-1.45662,2.90567
0.849941,-0.471846,1.25793,1.15948,2.84476,-1.45913,2.908
0.851723,-0.475264,1.25507,1.15656,2.84456,-1.46166,2.91031
0.853554,-0.478619,1.25186,1.15336,2.84405,-1.46424,2.91258
0.855463,-0.481822,1.24838,1.15008,2.84319,-1.46678,2.9148
0.857433,-0.484911,1.24461,1.14674,2.84204,-1.46939,2.91691
0.859462,-0.487968,1.24057,1.14339,2.84055,-1.47202,2.9189
0.861523,-0.491041,1.23624,1.13999,2.83874,-1.47465,2.92076
0.863535,-0.494118,1.23165,1.13647,2.83667,-1.47728,2.92248
0.865512,-0.49719,1.22695,1.13277,2.83442,-1.47991,2.92405
0.867493,-0.500218,1.22221,1.12902,2.83194,-1.48255,2.92547
0.869458,-0.503236,1.2174,1.12538,2.82921,-1.48519,2.92674
0.871322,-0.506289,1.21243,1.12186,2.82628,-1.48779,2.92785
0.873047,-0.509416,1.20734,1.11838,2.82318,-1.4904,2.92882
0.874682,-0.512564,1.20224,1.11495,2.81995,-1.49299,2.92965
0.876195,-0.515613,1.19715,1.11148,2.81656,-1.49558,2.93034
0.877503,-0.518618,1.19195,1.10803,2.81307,-1.49819,2.93093
0.878614,-0.521587,1.18667,1.10474,2.80949,-1.50079,2.93142
0.879595,-0.524497,1.18142,1.10154,2.80584,-1.50341,2.93182
0.880483,-0.527358,1.17619,1.09841,2.80209,-1.50603,2.93214
0.881215,-0.53023,1.17086,1.09518,2.79831,-1.50864,2.93238
0.881816,-0.533129,1.16547,1.09182,2.79446,-1.51125,2.93255
0.882369,-0.53603,1.16013,1.08852,2.79056,-1.51385,2.93266
0.882816,-0.538912,1.15477,1.08534,2.78663,-1.51643,2.93271
0.883055,-0.54182,1.14935,1.08218,2.78269,-1.51904,2.93271
0.883123,-0.544725,1.14393,1.07909,2.77874,-1.52165,2.93269
0.883071,-0.547604,1.13858,1.07595,2.77477,-1.52426,2.93268
0.882843,-0.55053,1.13316,1.07276,2.77078,-1.52685,2.93268
0.882429,-0.553488,1.12763,1.06958,2.76679,-1.52942,2.93268
0.881972,-0.556422,1.12218,1.0665,2.76279,-1.53201,2.93268
0.881498,-0.559255,1.11676,1.06346,2.75878,-1.53461,2.93268
0.880893,-0.562063,1.11123,1.06047,2.75478,-1.53722,2.93268
0.880152,-0.564896,1.10565,1.05742,2.7508,-1.53982,2.93267
0.87937,-0.56774,1.10016,1.05434,2.74682,-1.54243,2.93265
0.878506,-0.57066,1.09464,1.05132,2.74286,-1.54502,2.93261
0.877466,-0.573638,1.08902,1.04835,2.73893,-1.54758,2.93256
0.876347,-0.576576,1.08344,1.04538,2.73501,-1.55014,2.9325
0.875165,-0.579402,1.07794,1.04244,2.7311,-1.5527,2.93241
0.873816,-0.582227,1.07236,1.03953,2.72722,-1.55529,2.93231
0.872291,-0.585092,1.06676,1.03653,2.72338,-1.5579,2.93218
0.870676,-0.588003,1.06125,1.03352,2.71955,-1.5605,2.93204
0.868947,-0.590987,1.0557,1.03055,2.71574,-1.56307,2.93189
0.867084,-0.594024,1.05008,1.02761,2.71196,-1.56562,2.93174
0.865175,-0.597014,1.04452,1.0247,2.70819,-1.56816,2.93158
0.863256,-0.599899,1.03902,1.02188,2.70442,-1.57069,2.9314
0.861237,-0.602783,1.03348,1.01912,2.70068,-1.57321,2.93122
0.859109,-0.605688,1.02789,1.01635,2.69697,-1.57574,2.93106
0.856929,-0.608635,1.02236,1.01359,2.69328,-1.57829,2.9309
0.854654,-0.611622,1.01677,1.01088,2.68961,-1.58081,2.93076
0.852249,-0.61466,1.01111,1.00822,2.68596,-1.58331,2.93063
0.849755,-0.617638,1.00551,1.00559,2.68234,-1.58579,2.93053
0.847181,-0.620525,0.999963,1.00295,2.67874,-1.5883,2.93045
0.844506,-0.623438,0.994398,1.00038,2.67515,-1.59081,2.93038
0.841761,-0.626428,0.988824,0.997801,2.6716,-1.59332,2.9303
0.83899,-0.629477,0.983291,0.995175,2.66805,-1.59583,2.93022
0.836147,-0.632562,0.977713,0.992473,2.66451,-1.59833,2.93014
0.833183,-0.635693,0.972059,0.989729,2.661,-1.60084,2.93005
0.830163,-0.638826,0.96644,0.986973,2.6575,-1.60335,2.92996
0.827124,-0.641923,0.960895,0.984248,2.65402,-1.60585,2.92987
0.824041,-0.645047,0.955342,0.981604,2.65055,-1.60837,2.92979
0.8209,-0.648236,0.949774,0.978891,2.64712,-1.61091,2.92972
0.817739,-0.651399,0.944213,0.976126,2.64368,-1.61342,2.92966
0.814544,-0.654549,0.93863,0.973277,2.64026,-1.61592,2.92961
0.811242,-0.657724,0.933003,0.970393,2.63685,-1.61844,2.92957
0.807876,-0.660963,0.927384,0.967515,2.63347,-1.62098,2.92953
0.80453,-0.664246,0.921863,0.964616,2.63011,-1.62353,2.92949
0.801183,-0.667629,0.916343,0.961663,2.62675,-1.62608,2.92945
0.797782,-0.671126,0.910736,0.958542,2.62345,-1.62862,2.92942
0.794354,-0.674622,0.905077,0.955258,2.62014,-1.63117,2.9294
0.790953,-0.678106,0.899463,0.951894,2.61685,-1.63373,2.92938
0.787536,-0.681649,0.893867,0.948637,2.61358,-1.6363,2.92937
0.784121,-0.685255,0.888322,0.945415,2.61032,-1.63888,2.92935
0.780737,-0.688901,0.882876,0.942233,2.60707,-1.64147,2.92934
0.777284,-0.692536,0.877364,0.938887,2.60384,-1.64403,2.92933
0.773672,-0.696147,0.871747,0.935315,2.60065,-1.64657,2.92933
0.769989,-0.699792,0.866143,0.931724,2.59746,-1.64913,2.92932
0.766348,-0.703503,0.8606,0.928271,2.59427,-1.65171,2.92932
0.762765,-0.707366,0.855115,0.924802,2.59111,-1.65433,2.92931
0.759178,-0.711324,0.84959,0.921303,2.58794,-1.65692,2.92931
0.755564,-0.71524,0.84401,0.917493,2.58477,-1.65947,2.92931
0.751895,-0.719162,0.83838,0.913465,2.58161,-1.66203,2.9293
0.748214,-0.723218,0.832703,0.909657,2.57848,-1.66459,2.9293
0.744667,-0.727395,0.827148,0.905983,2.57535,-1.66715,2.9293
0.741229,-0.731541,0.821712,0.902286,2.57221,-1.66972,2.9293
0.737705,-0.735629,0.816201,0.898328,2.5691,-1.67227,2.92929
0.733984,-0.739749,0.810564,0.894195,2.56602,-1.67484,2.92929
0.730215,-0.743933,0.804908,0.890185,2.56295,-1.67742,2.92929
0.72655,-0.748253,0.79936,0.886292,2.55988,-1.68001,2.92928
0.722951,-0.75262,0.79389,0.882408,2.55681,-1.68256,2.92928
0.719335,-0.756932,0.788416,0.878228,2.55376,-1.68508,2.92928
0.715606,-0.761291,0.782858,0.873891,2.55071,-1.68765,2.92927
0.711771,-0.765792,0.777149,0.869648,2.5477,-1.69019,2.92927
0.707998,-0.770462,0.771498,0.865502,2.54469,-1.69275,2.92927
0.704421,-0.775047,0.766018,0.861284,2.54164,-1.69534,2.92926
0.700908,-0.779576,0.76058,0.856766,2.5386,-1.69789,2.92926
0.697233,-0.784214,0.75495,0.852266,2.5356,-1.70048,2.92925
0.693475,-0.789007,0.749165,0.847848,2.53262,-1.70303,2.92925
0.68984,-0.793782,0.743518,0.843404,2.52963,-1.70559,2.92925
0.686337,-0.798495,0.738011,0.83872,2.52663,-1.70816,2.92924
0.682801,-0.803287,0.732517,0.834014,2.52366,-1.71075,2.92924
0.679221,-0.808217,0.726894,0.829381,2.52069,-1.71335,2.92924
0.675636,-0.813204,0.721204,0.824737,2.51773,-1.71591,2.92923
0.672043,-0.818179,0.715546,0.819914,2.51479,-1.71843,2.92923
0.668432,-0.823178,0.709963,0.815043,2.51187,-1.72101,2.92922
0.664871,-0.828241,0.70442,0.810273,2.50892,-1.72357,2.92922
0.661359,-0.833362,0.69885,0.805566,2.50601,-1.72608,2.92921
0.657784,-0.838497,0.693189,0.800702,2.50309,-1.72863,2.92921
0.654141,-0.843644,0.687514,0.795707,2.50021,-1.73118,2.92921
0.650512,-0.848821,0.681827,0.790771,2.49731,-1.73376,2.9292
0.64699,-0.85405,0.676183,0.785851,2.4944,-1.73632,2.9292
0.643559,-0.859316,0.670602,0.780882,2.49151,-1.73885,2.9292
0.640145,-0.864624,0.664998,0.775831,2.4886,-1.74139,2.92919
0.636665,-0.869968,0.659274,0.770835,2.48572,-1.74391,2.92919
0.633156,-0.87532,0.653515,0.765804,2.48285,-1.7464,2.92919
0.62971,-0.880705,0.647877,0.760756,2.48,-1.74892,2.92918
0.626327,-0.886132,0.642312,0.755706,2.47717,-1.75145,2.92918
0.622933,-0.891563,0.636726,0.750757,2.4744,-1.75398,2.92918
0.619513,-0.897,0.631105,0.745747,2.47164,-1.7565,2.92918
0.616052,-0.902488,0.625483,0.740709,2.46892,-1.75901,2.92917
0.612563,-0.908031,0.619867,0.735626,2.46624,-1.76149,2.92917
0.609106,-0.913539,0.61432,0.73065,2.46356,-1.764,2.92917
0.605757,-0.919082,0.608894,0.725656,2.46095,-1.76647,2.92917
0.602417,-0.924708,0.603425,0.720721,2.45836,-1.76898,2.92917
0.599026,-0.930343,0.597877,0.7157,2.45581,-1.77147,2.92916
0.595625,-0.935875,0.592377,0.710681,2.45337,-1.77398,2.92916
0.592247,-0.941487,0.586963,0.705723,2.45121,-1.77651,2.92916
0.588896,-0.9472,0.581545,0.700839,2.44936,-1.77902,2.92915
0.585609,-0.952838,0.576187,0.695838,2.44754,-1.78151,2.92915
0.582396,-0.958436,0.570913,0.690893,2.44564,-1.78401,2.92915
0.579177,-0.964158,0.565551,0.686112,2.4437,-1.78651,2.92915
0.575907,-0.969927,0.560107,0.681231,2.44182,-1.78898,2.92915
0.57264,-0.975576,0.554781,0.676202,2.43994,-1.79147,2.92914
0.56942,-0.981269,0.549582,0.671363,2.43813,-1.79401,2.92914
0.566239,-0.987067,0.544311,0.666698,2.43647,-1.79651,2.92914
0.563097,-0.992828,0.539017,0.661867,2.43511,-1.79898,2.92913
0.559989,-0.998542,0.533838,0.656975,2.43428,-1.80146,2.92913
0.556889,-1.0043,0.52869,0.652356,2.43402,-1.80396,2.92912
0.553798,-1.01006,0.523498,0.647774,2.43431,-1.8064,2.92912
0.55072,-1.0158,0.518375,0.643096,2.43504,-1.80889,2.92912
0.547722,-1.02157,0.513376,0.638576,2.4361,-1.8114,2.92911
0.544822,-1.0273,0.508354,0.63426,2.43716,-1.81389,2.92911
0.54199,-1.03294,0.503328,0.629942,2.43821,-1.81636,2.92911
0.539095,-1.03867,0.498307,0.625764,2.43939,-1.81882,2.9291
0.536127,-1.04444,0.493329,0.621699,2.44092,-1.82129,2.9291
0.533179,-1.05008,0.48841,0.61764,2.44293,-1.82373,2.9291
0.530294,-1.05566,0.483569,0.613702,2.44547,-1.82618,2.92909
0.527452,-1.06136,0.478713,0.610053,2.44847,-1.82863,2.92909
0.524747,-1.06709,0.473852,0.606567,2.45182,-1.83107,2.92909
0.522255,-1.07269,0.469097,0.603235,2.45536,-1.83353,2.92909
0.519799,-1.07829,0.46439,0.600361,2.45912,-1.83593,2.92908
0.517129,-1.08383,0.459625,0.597987,2.4631,-1.83831,2.92908
0.514329,-1.08913,0.454914,0.595677,2.46738,-1.84064,2.92908
0.511531,-1.09426,0.450376,0.593412,2.47187,-1.84304,2.92908
0.508805,-1.09951,0.445901,0.591653,2.47655,-1.84537,2.92908
0.506163,-1.10493,0.441421,0.590335,2.48138,-1.84767,2.92908
0.503673,-1.11023,0.43702,0.589334,2.4863,-1.84996,2.92908
0.501274,-1.11536,0.432733,0.588668,2.49128,-1.8522,2.92907
0.498824,-1.12044,0.4284,0.588696,2.49627,-1.85431,2.92907
0.496251,-1.12545,0.424054,0.589224,2.50132,-1.85634,2.92907
0.493622,-1.13018,0.41993,0.590154,2.50637,-1.85809,2.92907
0.491032,-1.13472,0.41615,0.591531,2.51146,-1.85914,2.92907
0.488458,-1.13921,0.412599,0.593535,2.51655,-1.85923,2.92907
0.485855,-1.14372,0.409238,0.596028,2.52166,-1.85814,2.92906
0.483212,-1.14811,0.406308,0.598985,2.52675,-1.8557,2.92906
0.480573,-1.15232,0.403995,0.602313,2.53182,-1.85178,2.92906
0.477896,-1.15646,0.402336,0.606186,2.53683,-1.84636,2.92906
0.475148,-1.16061,0.401388,0.61043,2.54179,-1.8396,2.92906
0.472289,-1.16457,0.401231,0.614927,2.54669,-1.83171,2.92906
0.469349,-1.16829,0.401788,0.619614,2.55152,-1.82307,2.92905
0.466385,-1.17203,0.403082,0.624727,2.55628,-1.81386,2.92905
0.463434,-1.17584,0.405059,0.630315,2.56092,-1.80453,2.92905
0.460421,-1.17959,0.407646,0.635969,2.5653,-1.79512,2.92905
0.457255,-1.18309,0.410662,0.641927,2.5694,-1.78594,2.92904
0.454019,-1.18648,0.414032,0.648017,2.5733,-1.77694,2.92904
0.450887,-1.18976,0.417716,0.654196,2.5769,-1.7684,2.92904
0.447864,-1.19291,0.42162,0.660578,2.58029,-1.76024,2.92903
0.444902,-1.19605,0.42568,0.667279,2.58361,-1.75255,2.92903
0.442057,-1.19909,0.429895,0.673945,2.58691,-1.7454,2.92903
0.439344,-1.20184,0.434217,0.680522,2.59022,-1.73868,2.92902
0.436672,-1.20447,0.438461,0.687252,2.59345,-1.73249,2.92902
0.433976,-1.20703,0.442355,0.693854,2.5964,-1.72679,2.92902
0.431344,-1.20926,0.445798,0.700473,2.59878,-1.72156,2.92902
0.428947,-1.2113,0.448916,0.707271,2.60057,-1.71677,2.92901
0.426819,-1.21318,0.451904,0.714048,2.60203,-1.71243,2.92901
0.424852,-1.21474,0.454853,0.720835,2.60346,-1.70845,2.92901
0.422883,-1.21621,0.457781,0.727758,2.60507,-1.70482,2.92901
0.42088,-1.21758,0.46078,0.734492,2.60696,-1.70157,2.92901
0.418899,-1.2186,0.463863,0.741253,2.60908,-1.69861,2.929
0.417013,-1.21952,0.467016,0.748063,2.61127,-1.69598,2.929
0.41519,-1.22023,0.470134,0.754744,2.61352,-1.69366,2.929
0.41336,-1.22062,0.472767,0.761394,2.6157,-1.69156,2.929
0.411619,-1.22085,0.474673,0.768053,2.61745,-1.68969,2.929
0.410211,-1.22077,0.476032,0.77446,2.61858,-1.68812,2.929
0.409233,-1.22034,0.476987,0.780817,2.61913,-1.68672,2.929
0.408536,-1.21982,0.477719,0.787127,2.61938,-1.68555,2.929
0.407943,-1.21909,0.478326,0.793213,2.61964,-1.6847,2.929
0.407343,-1.21806,0.478853,0.799035,2.61996,-1.68405,2.929
0.406694,-1.21701,0.479324,0.804781,2.62038,-1.68362,2.929
0.406023,-1.21588,0.479624,0.810228,2.62083,-1.68371,2.92899
0.405325,-1.21449,0.479552,0.815277,2.62103,-1.68439,2.92899
0.404694,-1.21294,0.478918,0.820126,2.62079,-1.68578,2.92899
0.404332,-1.21133,0.477708,0.824713,2.62018,-1.68817,2.92899
0.404409,-1.20959,0.476033,0.828944,2.61943,-1.69183,2.92899
0.404866,-1.20768,0.473989,0.832824,2.61888,-1.69694,2.92899
0.405622,-1.20567,0.471666,0.836507,2.61874,-1.70328,2.92899
0.406612,-1.2037,0.469348,0.839894,2.61902,-1.71043,2.92899
0.407629,-1.20176,0.467351,0.843059,2.61972,-1.71829,2.92899
0.40846,-1.19983,0.465852,0.845841,2.62073,-1.72667,2.92899
0.408985,-1.19779,0.464952,0.848025,2.62166,-1.73536,2.92899
0.409324,-1.19569,0.464694,0.849506,2.62225,-1.74441,2.92899
0.409679,-1.19381,0.465191,0.85035,2.62248,-1.75353,2.92899
0.410168,-1.19229,0.466267,0.850564,2.62261,-1.76284,2.92899
0.41076,-1.19109,0.467634,0.850099,2.62283,-1.77192,2.92899
0.411451,-1.19009,0.468969,0.848912,2.623,-1.78086,2.92899
0.4123,-1.18924,0.470249,0.847035,2.62317,-1.78939,2.92899
0.413363,-1.18849,0.471567,0.844645,2.62355,-1.79766,2.92899
0.414632,-1.18777,0.47311,0.841641,2.62442,-1.80566,2.92899
0.41609,-1.18708,0.475141,0.838065,2.62592,-1.81334,2.92899
0.417658,-1.1865,0.477843,0.834003,2.62808,-1.82077,2.92899
0.419241,-1.18614,0.481345,0.829558,2.63086,-1.82781,2.92899
0.420732,-1.18605,0.485582,0.824753,2.63413,-1.83443,2.92899
0.422097,-1.18622,0.490568,0.819608,2.63772,-1.8406,2.92899
0.423376,-1.18651,0.496263,0.81404,2.64155,-1.84621,2.92899
0.42453,-1.18695,0.502507,0.80827,2.64553,-1.85138,2.92899
0.42558,-1.18766,0.509286,0.802243,2.64966,-1.85611,2.92899
0.426681,-1.18859,0.516602,0.795906,2.65385,-1.86046,2.92899
0.427823,-1.18967,0.524283,0.789384,2.65806,-1.86438,2.92899
0.428989,-1.19102,0.532235,0.782854,2.66232,-1.86782,2.92899
0.430218,-1.19263,0.540354,0.776184,2.66655,-1.87055,2.92899
0.431404,-1.1943,0.548531,0.769538,2.67076,-1.87207,2.92899
0.432589,-1.19606,0.556738,0.762999,2.6749,-1.87208,2.92899
0.433794,-1.19784,0.564846,0.756462,2.67873,-1.87052,2.92899
0.434971,-1.19943,0.572925,0.749947,2.68208,-1.86725,2.92899
0.436204,-1.201,0.580823,0.743571,2.68484,-1.86232,2.92898
0.437495,-1.2027,0.588565,0.737354,2.68711,-1.85599,2.92898
0.438809,-1.20436,0.596,0.731237,2.6892,-1.84857,2.92898
0.440097,-1.20605,0.602779,0.725655,2.69118,-1.84029,2.92898
0.44145,-1.2079,0.608794,0.720549,2.69295,-1.83137,2.92898
0.442957,-1.20956,0.613685,0.716288,2.69415,-1.82208,2.92898
0.444503,-1.21103,0.617241,0.713062,2.69461,-1.81253,2.92898
0.445943,-1.21227,0.619298,0.7109,2.69436,-1.80309,2.92898
0.447265,-1.21305,0.619861,0.709865,2.69333,-1.79372,2.92898
0.448486,-1.2134,0.61922,0.709787,2.69169,-1.78477,2.92898
0.449588,-1.21338,0.617454,0.710663,2.68977,-1.77609,2.92898
0.450535,-1.21313,0.614547,0.712375,2.688,-1.76797,2.92898
0.451357,-1.21269,0.610606,0.714629,2.68661,-1.76031,2.92898
0.452205,-1.21201,0.605717,0.717208,2.68545,-1.75324,2.9289
0.453189,-1.21124,0.600087,0.719858,2.68431,-1.74721,2.92841
0.454405,-1.21047,0.593904,0.7225,2.68284,-1.7428,2.92746
0.455981,-1.20972,0.587583,0.72485,2.68095,-1.74016,2.92647
0.457782,-1.209,0.581417,0.726701,2.67872,-1.73891,2.92586
0.459585,-1.20852,0.575526,0.728181,2.67651,-1.73848,2.92552
0.46136,-1.20832,0.570069,0.729241,2.67462,-1.7386,2.92522
0.463135,-1.20825,0.56492,0.730129,2.67302,-1.73933,2.9246
0.464801,-1.20829,0.559842,0.731067,2.67168,-1.74054,2.92339
0.466256,-1.20824,0.554653,0.732284,2.67025,-1.74173,2.92163
0.467561,-1.20793,0.549355,0.733804,2.66842,-1.74237,2.91959
0.468715,-1.20724,0.543941,0.73578,2.66607,-1.74228,2.91718
0.469687,-1.20622,0.538496,0.738327,2.6632,-1.74161,2.91458
0.470528,-1.20485,0.533171,0.741313,2.65994,-1.74059,2.91242
0.471269,-1.20324,0.527988,0.744472,2.6564,-1.73998,2.91103
0.471908,-1.20155,0.522991,0.747563,2.65289,-1.74034,2.91042
0.472406,-1.19991,0.518092,0.75043,2.6498,-1.74186,2.91035
0.47289,-1.19837,0.513265,0.752928,2.64737,-1.74482,2.91057
0.473571,-1.19692,0.508536,0.75508,2.64564,-1.74915,2.91095
0.474521,-1.19555,0.503859,0.756996,2.64449,-1.75441,2.91142
0.475703,-1.19414,0.499288,0.758673,2.64355,-1.75972,2.91174
0.477053,-1.19258,0.495055,0.760273,2.64244,-1.76426,2.91162
0.478454,-1.19098,0.491397,0.762008,2.64102,-1.76768,2.91114
0.47967,-1.18927,0.488395,0.763883,2.63942,-1.77014,2.91073
0.480435,-1.18751,0.485985,0.765755,2.63794,-1.77225,2.91077
0.480659,-1.18573,0.484004,0.767464,2.63685,-1.77477,2.91119
0.480576,-1.18398,0.482243,0.768774,2.63613,-1.77815,2.91178
0.480502,-1.18232,0.480434,0.769631,2.63561,-1.78256,2.91241
0.480663,-1.18073,0.478321,0.769824,2.63488,-1.78767,2.9131
0.481177,-1.17921,0.475617,0.76915,2.63356,-1.79272,2.91386
0.482154,-1.17777,0.472132,0.767599,2.63151,-1.79729,2.91463
0.483659,-1.17643,0.467987,0.765144,2.62873,-1.8014,2.91543
0.485592,-1.17519,0.463261,0.761806,2.62524,-1.80544,2.91623
0.487793,-1.174,0.457919,0.757741,2.62112,-1.80996,2.91702
0.490137,-1.1728,0.452023,0.752934,2.61646,-1.81512,2.9178
0.492592,-1.17151,0.445638,0.747644,2.61135,-1.82059,2.91853
0.495174,-1.17021,0.438967,0.741922,2.60597,-1.82597,2.91924
0.49793,-1.16877,0.432172,0.735684,2.6004,-1.83119,2.91991
0.500889,-1.16713,0.425323,0.729176,2.59468,-1.8361,2.92052
0.503905,-1.16557,0.418396,0.722568,2.58889,-1.84056,2.9211
0.506933,-1.16401,0.411473,0.715707,2.58306,-1.84474,2.92164
0.509941,-1.16222,0.404576,0.708755,2.57714,-1.84868,2.92212
0.512893,-1.16042,0.3977,0.701824,2.57124,-1.85239,2.92255
0.515895,-1.15847,0.390903,0.694733,2.56532,-1.85587,2.92295
0.519051,-1.15619,0.384173,0.687764,2.55939,-1.85906,2.92333
0.522355,-1.15383,0.377534,0.680841,2.55347,-1.86201,2.92365
0.525842,-1.15121,0.370979,0.67384,2.54754,-1.86482,2.92392
0.52942,-1.14835,0.364431,0.667034,2.54165,-1.86745,2.92417
0.532923,-1.1455,0.357905,0.660264,2.5358,-1.87001,2.92439
0.536477,-1.14237,0.351467,0.653474,2.53,-1.87255,2.92458
0.540145,-1.13904,0.345069,0.646822,2.52423,-1.87505,2.92475
0.543901,-1.1356,0.33872,0.640206,2.51848,-1.87741,2.9249
0.547783,-1.13182,0.332416,0.633496,2.5128,-1.87962,2.92501
0.551691,-1.12792,0.326092,0.626931,2.50717,-1.88178,2.92509
0.555543,-1.1241,0.319759,0.620422,2.50164,-1.88386,2.92515
0.559505,-1.12014,0.313526,0.613926,2.49617,-1.88596,2.9252
0.563676,-1.11599,0.307366,0.607556,2.49073,-1.88817,2.92524
0.567899,-1.11175,0.301194,0.601162,2.48538,-1.89033,2.92526
0.572075,-1.10729,0.29498,0.594757,2.48011,-1.89248,2.92527
0.576256,-1.1028,0.288772,0.588533,2.47491,-1.8947,2.92527
0.580503,-1.09828,0.282633,0.582411,2.46981,-1.89682,2.92528
0.584917,-1.09344,0.27659,0.57613,2.46474,-1.89896,2.92527
0.589456,-1.08838,0.270569,0.569964,2.45974,-1.90112,2.92528
0.593909,-1.08343,0.264469,0.563898,2.45484,-1.90322,2.92527
0.598345,-1.07844,0.258334,0.55777,2.45003,-1.90529,2.92527
0.603004,-1.07314,0.252366,0.551698,2.44526,-1.90735,2.92527
0.607808,-1.06776,0.246447,0.545615,2.44057,-1.90934,2.92527
0.612489,-1.06243,0.240454,0.539492,2.43598,-1.91136,2.92527
0.617111,-1.05699,0.234421,0.53345,2.43149,-1.91328,2.92527
0.621885,-1.05141,0.228434,0.527321,2.42706,-1.91516,2.92527
0.626832,-1.04582,0.222527,0.521152,2.4227,-1.91699,2.92527
0.631823,-1.0402,0.216645,0.515103,2.41841,-1.91869,2.92527
0.636794,-1.03448,0.21073,0.509046,2.41423,-1.92027,2.92527
0.641823,-1.02866,0.204812,0.502791,2.41014,-1.92176,2.92526
0.647009,-1.02281,0.198999,0.496645,2.40614,-1.92318,2.92526
0.65224,-1.01692,0.193168,0.490647,2.40221,-1.92456,2.92526
0.657462,-1.01086,0.187351,0.484386,2.39843,-1.92587,2.92526
0.662794,-1.00475,0.181604,0.478085,2.39479,-1.92709,2.92526
0.668246,-0.998711,0.17594,0.472085,2.39144,-1.92826,2.92526
0.673645,-0.992525,0.170245,0.465914,2.38864,-1.92932,2.92526
0.679037,-0.986228,0.164617,0.4595,2.38663,-1.93031,2.92526
0.684623,-0.979982,0.159171,0.453433,2.38557,-1.93125,2.92526
0.690297,-0.973664,0.153839,0.447268,2.38544,-1.93215,2.92526
0.695971,-0.967227,0.148707,0.440831,2.38625,-1.933,2.92526
0.701712,-0.960856,0.143929,0.434697,2.38791,-1.93387,2.92526
0.707614,-0.954437,0.139818,0.428571,2.39042,-1.93468,2.92526
0.713559,-0.947883,0.136587,0.422113,2.39369,-1.93548,2.92526
0.719507,-0.941381,0.134548,0.415909,2.39778,-1.93628,2.92526
0.725432,-0.934871,0.133757,0.409795,2.40247,-1.93707,2.92526
0.731274,-0.928258,0.134356,0.40333,2.40765,-1.93788,2.92526
0.737023,-0.921674,0.136293,0.397079,2.41311,-1.93872,2.92526
0.742744,-0.915091,0.139472,0.390935,2.41876,-1.93963,2.92526
0.748417,-0.908452,0.143746,0.384503,2.42452,-1.94058,2.92526
0.753962,-0.901845,0.149001,0.378222,2.4304,-1.9416,2.92526
0.759521,-0.895181,0.155206,0.372034,2.43635,-1.94265,2.92526
0.765273,-0.888482,0.162215,0.365586,2.4423,-1.94379,2.92526
0.771113,-0.88186,0.169804,0.35934,2.44826,-1.94499,2.92526
0.776952,-0.875165,0.17778,0.353186,2.45425,-1.94625,2.92526
0.782956,-0.868423,0.185998,0.346799,2.46017,-1.94767,2.92526
0.789105,-0.861718,0.194369,0.340548,2.46608,-1.94915,2.92526
0.795353,-0.854879,0.202799,0.334366,2.47197,-1.95072,2.92526
0.801812,-0.848044,0.211224,0.32805,2.47776,-1.95237,2.92526
0.808444,-0.841245,0.219633,0.321794,2.48355,-1.95408,2.92526
0.815133,-0.834264,0.227813,0.315602,2.48921,-1.95576,2.92526
0.822039,-0.827395,0.236058,0.309288,2.49489,-1.95754,2.92526
0.829084,-0.820539,0.244052,0.303115,2.50041,-1.95935,2.92526
0.836192,-0.813525,0.251977,0.296824,2.50593,-1.96112,2.92526
0.843449,-0.806694,0.259848,0.290633,2.51136,-1.96301,2.92526
0.85074,-0.799841,0.267444,0.284517,2.51665,-1.96485,2.92526
0.858071,-0.792792,0.27503,0.278116,2.52196,-1.96669,2.92526
0.865556,-0.785909,0.282455,0.272087,2.52711,-1.96859,2.92526
0.87306,-0.779007,0.289741,0.265925,2.53223,-1.97047,2.92526
0.880626,-0.771893,0.29696,0.259538,2.5373,-1.97226,2.92526
0.888319,-0.76498,0.304036,0.253591,2.54222,-1.97412,2.92526
0.896047,-0.758001,0.311032,0.247425,2.54713,-1.97584,2.92526
0.903866,-0.750854,0.317923,0.241046,2.55192,-1.9775,2.92526
0.911783,-0.743909,0.324723,0.235163,2.55663,-1.97915,2.92526
0.919734,-0.736893,0.33146,0.229012,2.56132,-1.98068,2.92526
0.927741,-0.729786,0.338072,0.222689,2.56588,-1.98208,2.92526
0.935818,-0.72284,0.344642,0.216845,2.57041,-1.98331,2.92526
0.94391,-0.715805,0.351114,0.210724,2.57485,-1.98437,2.92526
0.95203,-0.708747,0.357515,0.204476,2.57922,-1.98502,2.92523
0.960198,-0.701774,0.363849,0.198669,2.5835,-1.98493,2.92511
0.96833,-0.69472,0.370065,0.192571,2.58769,-1.98393,2.92465
0.976537,-0.687729,0.376295,0.186441,2.59191,-1.98178,2.92355
0.984696,-0.680715,0.382262,0.180641,2.59591,-1.97824,2.9216
0.992903,-0.673642,0.388252,0.17453,2.59997,-1.97324,2.91874
1.00111,-0.666692,0.394003,0.168642,2.60385,-1.967,2.91502
1.00928,-0.659644,0.399432,0.16283,2.60754,-1.95969,2.91056
1.01746,-0.652644,0.404432,0.157225,2.61085,-1.95166,2.90555
1.0255,-0.645867,0.408406,0.152478,2.61335,-1.94382,2.9002
1.03351,-0.638919,0.411423,0.148209,2.61511,-1.93686,2.8947
1.0413,-0.63181,0.412973,0.14503,2.61575,-1.93157,2.88935
1.0489,-0.624705,0.413112,0.143185,2.61557,-1.92813,2.88477
1.05624,-0.617265,0.41186,0.142534,2.61455,-1.92647,2.88141
1.06322,-0.609521,0.409225,0.143176,2.61272,-1.92638,2.87944
1.06993,-0.601453,0.405603,0.14532,2.61062,-1.92707,2.87875
1.07614,-0.593047,0.400783,0.148449,2.60837,-1.92777,2.8791
1.08204,-0.584253,0.395318,0.152716,2.60627,-1.92799,2.88012
